 132 136
 99 136
 144 144
 134 136
 134 136
 134 138
 134 136
 100 136
 142 144
 135 138
 101 136
 140 143
 134 138
 97 138
 134 136
 134 138
 98 136
 143 134
 134 136
 100 100
 136 101
 134 138
 101 138
 134 138
 136 136
 98 136
 136 136
 134 136
 100 101
 141 137
 132 136
 134 138
 134 137
 134 138
 98 138
 142 136
 133 137
 134 136
 134 136
 136 138
 99 99
 141 135
 110 138
 132 138
 134 135
 136 136
 99 136
 138 136
 132 136
 98 99
 140 98
 142 140
 132 138
 136 138
 134 140
 99 136
 140 136
 132 138
 101 98
 142 100
 140 136
 100 137
 143 135
 136 139
 100 138
 134 138
 134 138
 102 136
 136 138
 134 134
 138 136
 132 138
 132 136
 134 100
 132 107
 134 144
 98 136
 142 144
 134 139
 98 139
 139 144
 134 136
 101 132
 140 136
 132 136
 134 136
 97 136
 141 145
 99 138
 106 138
 134 136
 134 138
 98 136
 142 138
 132 138
 134 99
 136 136
 134 101
 140 136
 98 138
 140 136
 136 138
 100 136
 140 136
 133 138
 100 136
 136 140
 136 138
 138 138
 132 138
 134 100
 140 140
 100 136
 138 136
 136 140
 99 138
 134 136
 134 136
 99 100
 136 97
 140 136
 101 134
 140 138
 132 136
 100 138
 140 138
 134 136
 101 136
 141 138
 136 138
 134 140
 136 136
 132 136
 134 138
 100 138
 140 138
 134 136
 99 138
 142 138
 134 136
 98 100
 140 99
 140 140
 100 136
 140 138
 132 138
 100 136
 132 136
 132 136
 100 134
 141 137
 134 136
 133 136
 136 136
 134 101
 136 134
 98 136
 132 138
 136 138
 99 138
 134 136
 134 138
 135 138
 134 138
 134 100
 134 140
 98 138
 134 144
 134 136
 99 138
 136 136
 132 138
 99 136
 140 138
 133 137
 136 99
 134 136
 134 138
 134 136
 134 136
 133 138
 132 138
 134 136
 134 138
 134 134
 98 136
 140 138
 134 135
 100 102
 134 99
 134 138
 136 140
 134 136
 136 136
 99 138
 134 136
 132 138
 100 97
 132 99
 140 138
 102 136
 142 136
 134 135
 102 135
 136 138
 133 136
 134 138
 134 136
 132 136
 134 135
 100 136
 134 136
 133 139
 99 136
 140 136
 134 136
 97 136
 134 136
 132 138
 100 97
 140 101
 136 138
 100 136
 141 136
 134 136
 134 136
 134 137
 132 101
 134 138
 99 136
 132 136
 132 136
 99 136
 134 138
 135 136
 134 99
 134 100
 134 138
 96 136
 132 136
 134 136
 101 138
 140 136
 134 136
 100 100
 140 101
 140 136
 101 136
 142 144
 132 136
 100 137
 134 137
 134 138
 136 136
 134 138
 134 138
 132 136
 134 101
 134 98
 134 136
 97 138
 132 135
 134 136
 99 98
 135 99
 133 136
 100 135
 135 136
 134 136
 99 136
 132 138
 134 138
 100 136
 142 136
 132 136
 100 98
 139 98
 134 136
 99 136
 142 138
 134 136
 100 138
 140 138
 134 138
 134 138
 100 136
 140 138
 132 138
 136 98
 134 97
 136 136
 101 138
 134 137
 136 138
 132 136
 137 134
 132 138
 134 136
 100 139
 134 139
 132 136
 99 136
 134 138
 136 138
 101 136
 134 137
 134 136
 134 99
 134 138
 136 136
 134 138
 132 136
 132 135
 134 136
 98 137
 132 137
 132 136
 99 98
 136 138
 100 137
 133 136
 134 138
 133 137
 101 136
 134 136
 134 138
 100 99
 134 98
 136 136
 97 136
 142 140
 98 138
 100 136
 132 138
 134 138
 100 138
 134 138
 136 136
 99 100
 132 101
 134 138
 98 137
 134 137
 134 136
 99 137
 134 136
 134 138
 98 136
 134 140
 132 138
 137 136
 98 138
 132 137
 134 137
 134 97
 134 100
 134 136
 100 137
 135 139
 134 136
 134 134
 132 136
 136 138
 132 136
 101 100
 132 138
 134 138
 135 136
 134 136
 134 136
 98 138
 134 136
 101 136
 100 138
 134 100
 136 136
 100 136
 133 136
 134 138
 132 134
 132 138
 136 136
 134 138
 98 136
 132 138
 134 137
 98 97
 134 136
 134 138
 134 136
 132 138
 134 136
 99 138
 134 138
 132 138
 99 140
 134 138
 136 136
 136 101
 132 139
 132 136
 100 138
 134 134
 132 136
 134 136
 98 138
 134 138
 134 136
 100 99
 132 136
 134 138
 134 136
 134 136
 132 137
 100 138
 134 136
 132 136
 100 136
 136 138
 136 136
 100 138
 136 136
 134 136
 101 98
 140 101
 134 136
 99 138
 141 136
 134 136
 100 136
 135 136
 132 138
 99 136
 136 142
 134 136
 98 101
 141 98
 134 134
 100 136
 134 136
 134 136
 134 136
 99 136
 134 138
 134 138
 100 138
 134 138
 132 139
 100 136
 132 138
 132 136
 101 136
 142 136
 134 136
 136 136
 98 136
 136 138
 134 138
 100 138
 134 137
 132 136
 97 100
 132 98
 135 135
 99 140
 134 136
 132 135
 100 137
 134 138
 134 136
 98 138
 134 136
 134 136
 100 136
 134 136
 132 97
 132 138
 101 136
 134 136
 134 136
 100 138
 136 136
 134 138
 97 138
 135 139
 134 136
 99 138
 136 136
 134 136
 134 136
 136 136
 135 136
 136 138
 136 136
 132 100
 134 134
 98 136
 134 136
 134 136
 99 136
 132 136
 132 138
 97 99
 142 101
 132 136
 101 136
 140 138
 133 137
 132 100
 134 101
 139 134
 100 136
 142 136
 101 138
 136 138
 136 136
 133 136
 134 136
 98 136
 141 141
 132 136
 100 99
 139 98
 132 134
 98 138
 140 136
 136 138
 99 138
 134 136
 134 138
 98 134
 136 136
 136 136
 133 102
 134 100
 134 138
 99 138
 134 136
 132 138
 134 136
 100 136
 134 136
 136 138
 132 97
 134 100
 134 134
 98 139
 134 136
 134 134
 100 135
 132 138
 134 138
 135 136
 99 136
 140 138
 134 136
 98 136
 136 138
 132 138
 99 138
 136 136
 132 136
 99 136
 134 137
 135 139
 101 100
 132 100
 134 136
 99 138
 135 136
 134 139
 100 137
 134 136
 136 136
 101 136
 134 136
 136 136
 134 134
 132 136
 132 99
 133 139
 101 138
 134 136
 134 136
 100 138
 136 136
 132 139
 98 136
 136 136
 134 138
 100 137
 132 136
 134 136
 100 138
 136 137
 132 138
 134 135
 100 135
 136 136
 134 136
 99 137
 136 136
 132 136
 101 136
 134 136
 134 134
 100 136
 134 140
 134 99
 142 138
 99 136
 136 140
 134 138
 98 140
 139 137
 132 138
 98 136
 136 136
 132 138
 98 137
 136 138
 136 136
 134 139
 134 138
 132 138
 136 136
 101 138
 136 138
 132 136
 99 136
 132 136
 134 140
 134 98
 134 134
 132 136
 100 136
 132 138
 134 136
 134 136
 99 136
 134 138
 136 138
 101 100
 140 138
 134 136
 134 139
 134 136
 132 138
 102 136
 132 138
 132 138
 98 138
 140 136
 136 138
 97 140
 140 138
 136 138
 135 136
 134 138
 132 136
 132 136
 99 100
 140 138
 134 136
 132 138
 132 134
 132 138
 99 136
 139 139
 134 136
 97 138
 142 136
 134 136
 100 101
 138 100
 140 136
 100 136
 140 140
 134 136
 100 136
 136 138
 137 134
 134 136
 134 136
 134 137
 134 136
 99 134
 134 136
 132 136
 101 138
 134 138
 132 138
 100 136
 134 136
 134 140
 100 99
 134 97
 132 138
 100 138
 134 136
 134 140
 101 138
 134 136
 134 138
 99 137
 134 138
 132 138
 99 100
 140 100
 132 138
 98 140
 140 138
 132 138
 100 136
 134 136
 134 135
 98 100
 140 99
 132 136
 97 136
 140 139
 134 138
 99 140
 134 136
 136 138
 132 138
 101 134
 134 134
 134 136
 99 98
 132 133
 134 135
 98 136
 136 138
 134 138
 99 136
 134 138
 134 136
 100 136
 134 136
 134 138
 99 138
 132 136
 134 136
 134 136
 134 136
 132 133
 134 138
 136 98
 132 100
 134 136
 102 138
 134 138
 134 137
 98 134
 136 136
 132 139
 101 136
 100 136
 133 139
 132 136
 100 98
 136 138
 134 136
 97 136
 136 136
 134 138
 102 136
 135 136
 134 138
 99 136
 134 136
 134 135
 100 136
 98 136
 134 97
 132 139
 102 136
 132 136
 132 137
 134 136
 99 136
 136 140
 134 136
 100 134
 134 137
 134 138
 134 138
 134 138
 132 140
 134 135
 100 100
 134 102
 132 138
 100 134
 132 138
 136 136
 99 136
 134 136
 134 134
 100 136
 132 136
 132 136
 134 138
 97 138
 134 137
 132 136
 99 136
 134 136
 132 136
 134 136
 99 138
 136 136
 134 138
 99 138
 140 136
 132 138
 99 100
 132 101
 135 139
 102 136
 132 134
 134 135
 134 136
 133 134
 134 136
 134 138
 98 101
 134 136
 134 136
 99 136
 134 136
 133 138
 100 138
 139 135
 134 136
 100 138
 132 136
 132 138
 136 136
 99 136
 134 137
 132 138
 97 138
 134 136
 134 136
 136 134
 132 134
 134 138
 136 138
 101 100
 136 99
 132 136
 100 138
 136 134
 139 136
 99 136
 132 136
 132 137
 134 136
 136 138
 134 138
 134 138
 99 136
 134 136
 132 138
 101 98
 142 99
 134 136
 100 138
 140 136
 134 136
 132 138
 130 138
 132 100
 132 136
 100 136
 132 138
 134 136
 102 136
 134 138
 132 136
 132 138
 99 138
 134 136
 134 138
 98 101
 140 101
 134 138
 101 136
 142 136
 134 138
 134 136
 99 136
 132 138
 132 137
 98 102
 132 100
 140 136
 97 138
 140 138
 134 138
 132 139
 134 136
 132 138
 134 136
 99 136
 134 136
 134 134
 130 138
 134 136
 134 97
 132 138
 97 136
 134 138
 134 136
 99 136
 136 136
 134 98
 134 138
 99 136
 134 138
 134 136
 99 134
 134 134
 134 138
 132 138
 98 137
 136 136
 134 138
 101 136
 134 138
 134 136
 101 138
 132 136
 132 136
 134 136
 102 138
 133 141
 134 136
 102 101
 136 100
 134 138
 102 136
 136 136
 132 136
 98 136
 132 136
 132 137
 134 136
 133 139
 134 99
 140 138
 101 134
 140 136
 136 140
 99 138
 136 136
 132 139
 134 138
 99 100
 142 138
 134 136
 100 136
 140 138
 132 138
 98 139
 136 136
 134 138
 134 138
 98 134
 134 136
 132 138
 100 99
 142 100
 140 136
 98 136
 144 138
 132 137
 98 139
 139 135
 134 138
 134 136
 100 137
 138 138
 134 138
 98 101
 140 98
 142 136
 99 136
 138 138
 132 136
 98 138
 134 138
 132 136
 134 136
 97 136
 134 138
 132 137
 101 98
 134 102
 136 136
 99 138
 134 137
 132 134
 97 136
 140 136
 134 137
 136 136
 132 138
 136 136
 132 138
 99 100
 134 99
 134 138
 102 138
 134 136
 136 136
 99 138
 134 138
 134 136
 133 136
 99 136
 136 136
 136 136
 97 99
 137 100
 134 138
 99 136
 134 138
 134 137
 101 100
 134 98
 134 136
 101 134
 136 136
 134 136
 134 138
 134 138
 136 138
 134 138
 99 100
 134 99
 134 136
 99 136
 134 136
 136 136
 100 138
 134 136
 134 136
 134 136
 99 138
 132 138
 134 136
 98 101
 140 98
 132 137
 99 136
 140 134
 134 138
 100 136
 140 134
 134 136
 102 134
 134 138
 132 139
 134 136
 101 100
 132 100
 134 136
 100 136
 134 138
 132 136
 99 102
 140 100
 132 138
 99 138
 142 136
 133 139
 136 138
 133 136
 134 136
 134 136
 98 99
 136 136
 134 136
 98 136
 134 138
 134 138
 101 138
 134 138
 132 134
 132 136
 99 136
 132 138
 135 136
 100 136
 132 138
 132 136
 101 136
 134 136
 136 138
 134 136
 101 101
 140 137
 134 138
 100 136
 142 138
 132 138
 101 136
 132 136
 134 140
 100 138
 134 134
 136 136
 134 136
 134 136
 131 138
 134 138
 99 98
 138 100
 138 136
 99 136
 142 136
 132 136
 134 136
 136 140
 136 135
 132 136
 101 136
 136 138
 136 136
 99 138
 134 136
 134 136
 99 136
 132 138
 134 138
 134 137
 100 139
 136 138
 134 136
 101 140
 134 136
 132 136
 102 134
 132 138
 134 136
 134 136
 97 136
 138 138
 134 137
 102 136
 134 136
 134 136
 99 136
 132 136
 134 136
 134 136
 99 134
 134 136
 136 136
 99 138
 134 136
 134 136
 97 140
 136 138
 132 138
 136 140
 100 99
 134 137
 134 136
 100 136
 133 136
 134 136
 98 134
 134 136
 134 138
 100 137
 134 138
 134 134
 126 138
 134 136
 134 97
 132 136
 100 137
 134 140
 134 136
 102 138
 132 138
 134 136
 134 137
 98 136
 134 136
 100 136
 101 138
 136 136
 132 136
 134 136
 100 137
 138 136
 134 138
 97 100
 142 101
 134 135
 100 136
 141 137
 136 136
 99 136
 135 136
 134 136
 132 137
 100 136
 132 139
 134 136
 99 102
 143 99
 142 136
 98 139
 139 137
 132 137
 134 136
 99 134
 134 136
 134 138
 98 138
 134 136
 134 137
 136 138
 134 136
 135 137
 134 136
 98 136
 132 136
 136 138
 136 138
 134 136
 134 99
 141 137
 100 137
 134 139
 136 138
 100 136
 142 136
 134 138
 136 136
 98 100
 134 134
 134 136
 100 136
 132 136
 134 138
 99 136
 134 137
 134 136
 134 136
 100 138
 134 138
 132 140
 99 136
 136 134
 134 138
 134 136
 98 139
 134 136
 134 138
 100 99
 136 99
 136 136
 99 136
 134 136
 132 138
 134 136
 136 138
 134 136
 134 136
 99 136
 136 138
 134 136
 135 136
 100 140
 134 138
 134 138
 101 136
 134 136
 134 138
 134 137
 100 137
 134 136
 134 138
 101 98
 136 99
 134 136
 100 136
 134 136
 134 139
 102 136
 132 136
 132 136
 134 136
 132 136
 135 136
 134 136
 135 98
 134 100
 140 138
 134 136
 134 135
 134 138
 132 138
 98 96
 134 136
 132 138
 98 136
 139 137
 134 136
 98 138
 136 136
 132 137
 134 136
 99 136
 134 138
 136 136
 98 139
 134 136
 132 134
 101 138
 134 136
 134 136
 135 137
 132 136
 134 99
 133 138
 98 136
 133 134
 136 136
 134 136
 134 138
 134 100
 140 136
 99 136
 142 136
 132 136
 132 137
 134 135
 134 136
 134 138
 101 101
 136 136
 134 133
 98 138
 132 136
 137 136
 97 138
 136 138
 134 136
 132 138
 100 136
 134 138
 134 136
 101 138
 134 136
 132 138
 132 136
 134 138
 134 138
 132 136
 100 136
 134 137
 132 136
 98 139
 134 136
 134 136
 134 134
 99 98
 136 138
 134 134
 100 136
 132 138
 132 140
 99 136
 132 137
 134 136
 134 136
 100 138
 134 136
 134 136
 100 100
 134 97
 134 136
 99 138
 136 134
 132 138
 136 138
 100 100
 140 102
 136 138
 99 136
 134 136
 132 137
 100 138
 134 136
 134 138
 138 136
 100 136
 134 138
 134 138
 100 138
 136 138
 132 136
 100 99
 132 99
 136 138
 118 136
 133 137
 134 138
 135 140
 102 138
 135 136
 132 136
 134 139
 136 136
 132 98
 134 140
 101 136
 141 139
 134 138
 134 138
 136 138
 134 101
 132 138
 100 138
 134 137
 136 140
 134 138
 99 138
 134 136
 132 139
 100 136
 134 139
 134 136
 100 99
 132 100
 134 136
 99 134
 132 139
 134 140
 133 137
 132 138
 136 136
 132 138
 98 138
 142 136
 135 137
 100 98
 134 100
 134 136
 100 138
 134 136
 134 136
 134 136
 99 136
 134 136
 132 136
 98 97
 139 100
 134 136
 101 136
 136 136
 134 138
 98 99
 132 99
 132 136
 98 136
 132 137
 134 138
 136 138
 99 134
 138 138
 134 137
 100 136
 136 138
 134 140
 101 136
 135 138
 134 136
 134 136
 99 136
 132 136
 134 137
 99 136
 134 138
 134 136
 134 138
 101 136
 134 136
 136 136
 98 136
 132 136
 102 137
 134 134
 100 136
 134 136
 134 138
 99 134
 134 138
 134 136
 135 134
 100 137
 134 138
 134 136
 98 99
 132 97
 134 138
 100 138
 134 136
 134 138
 134 136
 99 136
 134 136
 132 138
 99 136
 134 138
 135 136
 136 136
 134 135
 134 136
 132 136
 101 99
 134 136
 134 139
 100 136
 132 138
 132 137
 134 136
 135 134
 132 138
 134 136
 99 136
 134 136
 134 135
 100 139
 132 136
 134 138
 134 136
 98 138
 136 134
 132 138
 101 98
 134 101
 134 136
 98 141
 134 136
 134 136
 102 138
 136 138
 135 140
 134 138
 99 100
 136 140
 134 136
 98 138
 135 136
 134 136
 100 137
 134 138
 134 138
 136 136
 136 138
 136 99
 132 136
 99 138
 132 138
 134 136
 136 136
 98 136
 136 136
 136 136
 98 100
 134 99
 136 136
 100 136
 134 136
 135 134
 99 136
 134 138
 134 136
 134 136
 98 101
 134 136
 136 136
 100 138
 136 140
 136 136
 99 138
 133 137
 132 136
 135 134
 101 138
 134 136
 134 136
 98 101
 132 98
 134 138
 99 138
 134 136
 134 138
 134 137
 98 136
 132 138
 134 136
 99 100
 134 99
 135 136
 98 138
 132 137
 135 136
 134 138
 132 136
 132 138
 132 139
 100 137
 134 137
 135 136
 101 134
 136 134
 134 138
 132 137
 100 100
 139 137
 134 136
 98 136
 141 136
 134 136
 101 138
 136 138
 132 137
 100 138
 99 136
 134 138
 132 136
 101 136
 134 137
 134 138
 134 138
 135 134
 132 101
 134 138
 100 134
 136 138
 134 136
 136 136
 136 136
 132 136
 132 138
 100 138
 134 138
 132 138
 99 136
 136 138
 134 101
 134 136
 100 136
 134 136
 134 136
 100 135
 136 138
 132 138
 132 138
 98 138
 132 140
 135 134
 99 138
 132 136
 134 136
 132 136
 132 136
 134 99
 134 137
 100 134
 134 136
 134 136
 132 136
 134 138
 134 138
 132 136
 100 138
 140 136
 134 134
 134 136
 132 137
 134 138
 132 136
 98 138
 142 138
 134 136
 98 138
 140 136
 132 139
 136 136
 99 102
 136 138
 132 136
 98 138
 136 136
 134 136
 101 136
 142 138
 134 138
 134 136
 99 134
 134 136
 132 136
 98 99
 142 99
 138 136
 100 138
 134 138
 134 140
 134 138
 101 136
 140 134
 132 136
 132 136
 132 136
 133 98
 136 136
 98 136
 140 147
 134 136
 136 138
 136 138
 135 138
 134 138
 99 102
 138 146
 136 137
 99 138
 141 140
 134 138
 97 140
 141 141
 134 136
 99 136
 142 143
 135 136
 132 138
 101 136
 138 134
 134 136
 97 136
 140 138
 134 136
 132 135
 100 136
 140 142
 134 138
 99 97
 140 106
 138 142
 99 136
 142 143
 134 138
 102 138
 142 144
 134 136
 132 136
 100 136
 136 141
 132 138
 100 137
 134 138
 134 136
 134 136
 100 101
 134 105
 140 142
 98 136
 134 141
 134 136
 100 136
 134 144
 134 139
 132 138
 101 136
 140 144
 134 138
 100 138
 134 140
 132 136
 134 136
 101 136
 137 142
 136 136
 100 137
 136 136
 136 136
 134 138
 133 136
 134 136
 134 136
 99 134
 135 138
 134 138
 99 138
 136 144
 134 136
 134 136
 100 138
 132 143
 136 136
 101 138
 132 142
 134 138
 99 132
 132 136
 132 98
 132 140
 98 136
 135 134
 134 135
 100 137
 135 138
 136 138
 132 136
 98 137
 134 137
 132 138
 99 136
 139 139
 136 138
 134 136
 101 138
 140 140
 134 136
 100 101
 142 100
 139 137
 100 136
 142 138
 134 134
 99 134
 140 138
 132 136
 132 136
 101 99
 140 134
 134 138
 98 138
 141 137
 134 134
 102 101
 132 98
 140 138
 102 137
 145 134
 134 136
 134 136
 98 136
 138 136
 134 138
 100 136
 136 138
 132 136
 134 136
 134 136
 134 137
 132 138
 99 100
 140 136
 134 134
 98 136
 142 138
 135 136
 101 138
 140 136
 134 136
 132 136
 100 137
 139 136
 136 136
 100 136
 140 138
 134 138
 134 138
 101 136
 142 140
 136 136
 100 102
 140 100
 137 136
 98 138
 134 138
 134 136
 101 138
 138 138
 136 137
 135 138
 100 100
 138 98
 132 136
 99 134
 132 138
 132 138
 99 138
 136 138
 134 136
 134 138
 99 136
 139 136
 134 136
 101 138
 134 137
 132 136
 134 138
 134 138
 134 136
 134 138
 98 138
 132 136
 134 136
 100 99
 142 101
 134 140
 100 137
 140 136
 136 138
 135 136
 134 134
 132 138
 134 136
 98 134
 140 136
 134 137
 98 139
 140 136
 136 138
 134 137
 99 100
 142 100
 134 136
 99 136
 140 138
 134 138
 136 139
 135 139
 134 138
 134 136
 100 138
 132 138
 132 137
 98 137
 140 138
 136 138
 134 136
 98 138
 138 136
 134 136
 99 136
 140 136
 132 138
 134 136
 102 138
 140 136
 134 140
 134 136
 134 136
 132 98
 140 136
 100 138
 142 140
 134 136
 101 138
 142 138
 135 136
 132 138
 98 102
 141 98
 142 136
 97 138
 140 136
 132 138
 102 99
 142 100
 140 136
 100 138
 139 136
 134 136
 134 136
 134 135
 132 136
 134 136
 101 138
 140 136
 134 138
 134 136
 134 138
 134 136
 135 137
 100 138
 140 136
 136 138
 99 136
 138 138
 134 136
 99 136
 100 136
 141 139
 134 138
 98 138
 136 136
 136 134
 136 136
 132 136
 132 136
 132 137
 99 136
 140 138
 134 136
 134 136
 101 136
 140 136
 136 136
 98 136
 141 136
 134 136
 102 136
 140 136
 132 136
 134 136
 99 136
 136 136
 132 136
 100 136
 136 136
 136 136
 100 136
 140 138
 134 139
 132 136
 99 138
 140 142
 134 136
 98 138
 139 137
 134 136
 134 136
 98 139
 144 138
 136 138
 99 98
 140 101
 134 136
 97 136
 140 136
 134 138
 98 136
 142 136
 132 136
 106 136
 136 140
 134 138
 132 136
 101 100
 140 102
 138 136
 102 136
 140 136
 134 138
 102 138
 143 135
 132 136
 134 134
 99 136
 140 136
 100 138
 109 136
 139 135
 134 136
 132 136
 100 136
 140 136
 132 138
 101 101
 142 100
 134 136
 99 136
 142 138
 134 136
 134 138
 132 138
 136 136
 132 136
 98 136
 140 138
 134 136
 132 138
 133 137
 132 140
 134 138
 102 101
 140 101
 134 136
 98 136
 134 138
 136 134
 110 138
 136 136
 134 137
 134 134
 98 138
 136 136
 134 136
 98 136
 133 137
 134 140
 134 136
 99 136
 134 138
 134 136
 100 98
 142 98
 136 136
 99 136
 134 138
 134 138
 134 137
 100 139
 142 136
 134 134
 97 100
 140 101
 140 138
 99 136
 140 134
 133 139
 136 137
 134 140
 136 99
 140 138
 100 136
 142 136
 134 136
 134 136
 133 138
 136 138
 132 138
 101 136
 140 138
 134 136
 134 134
 136 138
 132 97
 139 135
 99 134
 140 134
 132 134
 101 136
 141 135
 137 138
 100 138
 106 136
 140 138
 134 136
 99 136
 141 135
 134 137
 134 136
 100 136
 141 137
 134 138
 101 136
 141 137
 134 138
 136 136
 100 138
 145 136
 134 138
 101 102
 144 99
 132 136
 100 138
 138 138
 132 138
 134 138
 134 134
 134 138
 136 136
 100 140
 140 140
 135 138
 134 136
 136 136
 132 138
 134 136
 101 138
 140 136
 132 136
 134 136
 134 134
 136 134
 134 136
 97 136
 140 142
 134 138
 134 136
 134 138
 135 100
 142 136
 100 136
 140 136
 134 137
 98 136
 142 136
 136 136
 132 136
 98 100
 142 136
 132 138
 100 137
 140 138
 132 136
 100 101
 140 97
 141 138
 101 138
 139 135
 134 136
 134 138
 100 136
 142 140
 134 138
 100 136
 140 136
 132 136
 102 100
 139 100
 134 136
 101 138
 134 138
 136 138
 134 136
 134 138
 136 138
 134 134
 102 136
 138 136
 132 138
 101 98
 140 100
 140 138
 99 136
 144 138
 134 138
 134 137
 99 100
 139 136
 134 136
 101 136
 133 136
 132 136
 98 136
 142 138
 134 138
 134 138
 101 100
 140 100
 132 138
 100 138
 138 136
 134 136
 98 138
 136 136
 132 136
 134 136
 98 140
 134 136
 132 136
 100 98
 132 100
 134 137
 99 138
 134 136
 134 136
 98 136
 132 140
 134 139
 136 136
 101 138
 134 137
 134 138
 102 138
 134 136
 136 136
 132 136
 134 138
 134 136
 136 138
 99 100
 134 99
 134 138
 100 138
 132 136
 134 134
 100 138
 132 136
 134 136
 134 137
 101 136
 134 136
 134 136
 136 138
 134 138
 132 137
 134 140
 99 100
 140 102
 142 138
 101 136
 140 138
 133 138
 99 100
 140 99
 140 136
 100 136
 140 138
 136 138
 132 138
 100 136
 143 138
 136 136
 99 138
 132 136
 132 136
 100 137
 134 136
 132 139
 136 138
 100 101
 142 99
 140 138
 99 138
 140 138
 134 136
 101 138
 134 134
 132 137
 132 136
 100 138
 134 138
 134 136
 98 136
 134 139
 136 138
 134 134
 100 101
 136 138
 134 138
 99 142
 134 136
 134 134
 132 138
 132 136
 133 137
 134 134
 101 98
 132 134
 132 136
 100 136
 134 134
 134 136
 100 135
 134 136
 136 138
 100 138
 134 136
 133 136
 134 138
 99 136
 132 138
 134 136
 134 138
 134 136
 134 134
 135 136
 100 139
 134 136
 132 136
 101 98
 134 98
 142 138
 100 136
 139 138
 132 135
 132 136
 99 136
 134 137
 132 136
 100 101
 132 102
 136 136
 99 138
 134 138
 134 138
 99 136
 136 136
 134 138
 134 136
 100 138
 142 136
 136 136
 99 100
 136 100
 134 136
 101 138
 134 135
 134 138
 98 136
 140 136
 132 136
 134 136
 98 136
 132 136
 132 136
 97 99
 134 98
 132 136
 101 134
 142 138
 132 136
 134 138
 98 136
 142 136
 136 138
 101 136
 134 136
 134 138
 134 135
 98 136
 134 138
 132 136
 100 138
 132 136
 134 136
 101 100
 132 99
 134 140
 99 136
 141 138
 136 136
 136 138
 134 138
 134 136
 134 137
 101 102
 134 100
 134 136
 98 136
 132 136
 134 136
 100 136
 136 135
 134 138
 134 136
 98 136
 132 136
 132 138
 101 136
 134 138
 132 137
 136 138
 134 134
 136 138
 133 136
 100 137
 132 138
 134 138
 102 101
 134 100
 133 134
 100 136
 136 136
 132 138
 100 137
 134 136
 132 136
 134 136
 101 100
 134 136
 136 136
 100 136
 134 139
 134 136
 100 138
 134 135
 134 136
 132 134
 136 136
 134 138
 134 136
 99 100
 132 99
 132 140
 99 136
 134 137
 134 138
 132 136
 134 136
 132 138
 134 138
 99 138
 134 136
 132 136
 134 140
 134 138
 134 138
 132 136
 100 99
 134 99
 134 136
 100 136
 135 136
 132 138
 100 99
 133 102
 134 138
 98 137
 134 138
 137 136
 134 134
 98 136
 132 138
 132 138
 100 98
 132 100
 134 136
 98 138
 134 138
 136 136
 98 137
 142 136
 132 138
 136 136
 98 136
 141 136
 136 134
 100 98
 142 99
 134 136
 101 136
 140 138
 134 136
 134 136
 99 136
 132 138
 132 136
 98 137
 134 138
 132 137
 134 138
 100 138
 134 136
 133 136
 102 136
 134 136
 132 138
 134 136
 100 136
 132 136
 132 136
 100 136
 140 136
 134 138
 136 136
 134 139
 136 100
 132 138
 102 134
 134 134
 134 138
 133 136
 97 136
 134 136
 134 136
 100 138
 140 134
 134 136
 134 138
 99 136
 141 145
 134 138
 100 136
 142 136
 134 135
 99 136
 106 138
 140 136
 132 136
 99 136
 140 134
 134 136
 134 136
 134 138
 134 100
 134 146
 100 136
 142 140
 134 138
 98 136
 137 136
 134 136
 136 136
 101 136
 142 136
 134 136
 100 98
 140 108
 140 136
 102 138
 138 136
 134 136
 101 138
 142 136
 134 136
 132 136
 98 137
 139 145
 134 140
 99 99
 140 107
 142 144
 98 138
 142 143
 134 134
 134 135
 98 138
 140 138
 136 136
 98 140
 140 145
 134 136
 100 99
 140 106
 141 143
 99 136
 140 142
 134 136
 136 136
 99 140
 134 144
 132 138
 99 100
 140 105
 140 142
 100 138
 142 136
 132 138
 134 138
 134 138
 134 136
 132 138
 99 136
 142 136
 132 139
 98 101
 141 98
 140 136
 101 136
 142 136
 132 136
 132 137
 98 136
 142 138
 134 138
 100 134
 141 136
 136 136
 134 138
 100 99
 142 136
 132 136
 101 136
 139 135
 134 138
 100 99
 138 97
 140 138
 100 136
 140 138
 132 136
 132 138
 98 136
 138 138
 132 136
 100 136
 140 138
 132 136
 132 137
 100 137
 142 138
 132 137
 100 100
 140 142
 134 136
 100 136
 140 142
 134 138
 134 99
 142 138
 135 136
 136 134
 136 138
 132 138
 133 134
 100 136
 141 147
 134 136
 136 136
 132 138
 134 136
 132 136
 100 97
 138 144
 132 137
 100 136
 140 144
 136 136
 101 138
 134 136
 132 136
 132 136
 99 136
 140 144
 134 136
 99 101
 132 106
 134 142
 99 136
 132 145
 132 134
 132 138
 132 136
 132 138
 132 138
 99 99
 134 142
 134 134
 99 136
 136 144
 134 134
 100 136
 136 142
 132 137
 99 98
 140 106
 140 138
 102 138
 140 144
 134 136
 134 136
 101 137
 141 139
 134 140
 101 100
 134 105
 134 145
 100 137
 142 144
 132 136
 101 136
 140 144
 134 136
 134 139
 102 135
 134 142
 134 136
 101 99
 139 108
 134 142
 99 138
 140 146
 134 137
 132 140
 134 136
 132 99
 136 144
 101 138
 132 143
 136 136
 134 138
 134 136
 134 137
 136 138
 101 138
 132 136
 132 136
 100 136
 136 136
 100 138
 136 144
 133 138
 136 100
 132 144
 100 136
 136 144
 132 136
 136 138
 132 138
 134 136
 134 138
 99 136
 133 141
 132 136
 101 99
 134 107
 134 144
 102 136
 136 142
 134 140
 134 134
 98 136
 132 144
 132 138
 97 138
 134 142
 134 138
 134 138
 100 135
 134 142
 135 136
 99 138
 141 143
 136 136
 132 138
 134 136
 134 136
 134 136
 100 134
 134 144
 134 136
 134 136
 136 136
 134 135
 134 138
 98 99
 134 104
 134 142
 97 138
 134 146
 132 137
 138 136
 134 138
 134 138
 132 140
 137 98
 134 108
 136 144
 146 138
 134 136
 134 136
 134 136
 100 139
 132 143
 134 138
 101 100
 134 106
 134 144
 99 138
 146 146
 134 136
 132 136
 100 134
 134 144
 132 138
 100 99
 143 106
 134 146
 100 136
 142 143
 134 138
 132 136
 100 136
 136 146
 132 138
 100 99
 134 107
 134 144
 98 136
 136 136
 134 140
 99 138
 134 144
 136 138
 134 136
 101 136
 132 144
 136 136
 100 99
 132 104
 136 144
 99 134
 134 144
 136 136
 134 138
 99 138
 132 147
 136 138
 100 101
 134 106
 134 144
 99 136
 132 138
 134 138
 136 136
 100 138
 134 138
 132 138
 99 136
 134 137
 136 138
 133 134
 134 136
 132 98
 134 139
 100 136
 138 142
 134 135
 100 135
 135 144
 101 138
 134 137
 102 99
 134 146
 134 136
 100 138
 136 140
 132 138
 100 138
 134 135
 132 138
 132 136
 97 138
 134 140
 134 138
 102 100
 134 106
 134 138
 101 138
 134 141
 132 136
 134 134
 100 138
 134 138
 132 138
 101 138
 132 142
 132 138
 134 134
 98 137
 135 137
 134 138
 99 100
 136 107
 134 148
 101 138
 134 142
 132 136
 134 138
 134 136
 134 135
 132 138
 100 134
 134 136
 134 135
 134 136
 99 136
 136 145
 134 138
 99 138
 132 136
 132 136
 134 136
 132 136
 134 136
 134 134
 98 100
 132 100
 132 138
 99 138
 134 138
 136 138
 100 136
 132 136
 134 136
 134 138
 97 97
 134 100
 132 138
 99 136
 132 137
 132 136
 101 100
 140 100
 139 138
 100 138
 142 144
 134 137
 134 136
 99 136
 144 143
 134 136
 98 99
 140 107
 140 144
 101 136
 142 144
 132 136
 134 136
 134 136
 134 136
 132 139
 98 136
 140 142
 132 137
 132 136
 99 138
 142 138
 136 134
 99 138
 140 144
 134 136
 134 138
 100 136
 141 143
 134 136
 99 136
 140 142
 134 136
 132 139
 100 138
 140 146
 132 138
 99 100
 142 107
 140 136
 99 136
 142 144
 134 136
 134 138
 99 136
 140 144
 134 138
 99 138
 140 146
 137 98
 140 146
 99 136
 138 134
 132 136
 134 136
 132 138
 132 136
 136 136
 100 102
 142 108
 142 143
 100 137
 140 146
 136 136
 99 138
 134 144
 132 136
 137 136
 100 134
 134 147
 136 140
 101 136
 134 144
 134 136
 137 134
 99 136
 134 146
 134 138
 134 101
 134 145
 134 136
 134 138
 98 136
 134 143
 134 136
 101 138
 132 144
 132 138
 134 138
 132 138
 134 138
 134 136
 101 136
 134 142
 134 135
 132 136
 136 136
 134 138
 134 136
 100 100
 134 142
 134 138
 96 137
 132 142
 135 137
 98 138
 134 144
 136 137
 132 138
 99 134
 136 136
 136 138
 99 100
 133 100
 136 138
 100 138
 132 138
 134 134
 134 138
 134 138
 132 138
 135 138
 102 132
 134 140
 134 138
 101 140
 136 138
 134 138
 132 138
 99 100
 134 143
 134 136
 99 134
 134 144
 132 140
 100 138
 134 138
 136 140
 134 138
 99 100
 134 144
 134 136
 99 136
 132 144
 137 228
 100 138
 134 144
 134 138
 132 136
 136 136
 132 101
 132 143
 100 136
 132 144
 136 138
 134 137
 134 137
 132 138
 134 136
 98 138
 133 143
 132 136
 101 136
 138 142
 134 138
 132 138
 99 97
 132 142
 134 136
 97 136
 134 144
 134 140
 101 136
 134 144
 134 138
 132 134
 101 134
 136 142
 132 137
 102 99
 137 104
 140 144
 101 134
 140 144
 132 138
 137 137
 132 136
 136 136
 132 136
 98 99
 142 107
 133 143
 100 137
 139 143
 134 138
 99 136
 138 142
 134 138
 148 138
 136 138
 135 134
 136 140
 99 136
 134 142
 136 138
 99 98
 142 107
 140 144
 100 137
 141 145
 134 138
 135 138
 100 136
 132 142
 134 139
 100 137
 134 143
 132 138
 132 136
 134 136
 132 138
 134 140
 102 138
 134 144
 132 136
 100 99
 132 105
 134 146
 98 137
 134 144
 134 134
 132 138
 134 136
 134 137
 134 134
 98 138
 134 142
 134 134
 132 137
 132 136
 132 98
 134 143
 100 136
 135 144
 132 138
 100 138
 136 136
 132 138
 134 134
 100 101
 134 148
 132 136
 101 136
 132 143
 132 138
 100 136
 135 143
 134 134
 132 136
 100 134
 135 145
 134 138
 101 136
 132 144
 136 138
 134 136
 99 136
 134 143
 136 138
 100 137
 132 142
 134 136
 100 138
 134 136
 136 135
 132 138
 98 136
 132 136
 136 136
 100 99
 134 106
 135 143
 101 136
 134 144
 99 136
 100 143
 136 144
 134 140
 134 138
 99 102
 142 144
 99 138
 140 142
 134 137
 132 136
 100 138
 134 136
 134 138
 100 101
 138 100
 140 138
 100 138
 142 140
 134 136
 132 135
 101 138
 134 136
 134 136
 100 99
 140 99
 132 138
 97 138
 140 138
 133 141
 134 136
 100 134
 138 140
 134 136
 99 98
 134 99
 134 138
 99 138
 140 138
 134 136
 136 138
 99 136
 140 136
 132 136
 100 132
 141 138
 134 138
 132 138
 101 138
 141 136
 134 138
 99 136
 141 138
 134 136
 134 136
 101 136
 140 136
 134 136
 99 138
 140 134
 132 138
 134 136
 134 138
 134 136
 132 136
 134 99
 132 136
 136 138
 133 136
 134 136
 132 138
 132 135
 132 100
 134 100
 134 136
 136 136
 134 134
 134 138
 134 136
 98 138
 134 137
 132 138
 135 137
 134 138
 136 136
 136 136
 99 138
 134 136
 136 136
 100 97
 134 99
 134 138
 98 138
 138 136
 134 136
 132 136
 101 136
 142 138
 134 136
 99 136
 140 136
 134 136
 134 136
 102 138
 134 136
 134 138
 100 99
 138 105
 140 136
 100 136
 140 146
 135 136
 134 136
 99 136
 140 144
 132 136
 101 136
 140 136
 134 134
 99 136
 144 144
 132 138
 134 135
 100 138
 142 144
 132 136
 99 138
 140 143
 132 138
 134 138
 134 138
 134 99
 140 136
 99 136
 142 138
 134 138
 134 136
 100 136
 144 138
 132 136
 100 136
 142 138
 132 138
 134 136
 133 139
 134 99
 140 138
 100 136
 140 138
 134 136
 99 136
 140 137
 136 136
 134 140
 102 139
 141 137
 134 136
 100 136
 140 138
 132 138
 132 138
 99 100
 142 138
 132 137
 102 135
 139 135
 134 134
 99 136
 143 138
 132 138
 135 134
 99 138
 142 138
 136 140
 99 138
 144 136
 135 136
 134 136
 100 136
 141 137
 134 136
 99 100
 140 100
 140 138
 99 140
 142 136
 132 136
 134 139
 101 136
 142 138
 134 138
 97 138
 140 138
 134 134
 114 136
 132 136
 132 137
 134 136
 99 100
 138 100
 140 138
 100 138
 140 134
 134 138
 132 140
 134 136
 132 139
 134 136
 99 138
 140 138
 132 137
 97 136
 141 136
 134 142
 134 136
 98 140
 142 138
 132 136
 101 136
 140 136
 132 138
 132 136
 99 136
 144 136
 136 136
 100 99
 142 101
 142 136
 100 136
 139 136
 134 136
 135 138
 132 138
 136 136
 134 138
 100 138
 140 136
 132 138
 99 136
 140 136
 132 135
 134 136
 97 140
 142 136
 133 137
 136 140
 136 136
 134 138
 134 134
 100 138
 142 136
 132 138
 134 138
 134 136
 132 99
 142 138
 101 136
 140 138
 134 136
 100 134
 142 136
 134 136
 136 136
 100 138
 140 136
 134 138
 97 136
 142 136
 99 136
 145 140
 101 138
 142 138
 132 136
 98 136
 142 136
 132 136
 134 136
 134 138
 134 136
 134 138
 101 100
 142 99
 140 136
 100 134
 140 138
 134 138
 134 138
 98 138
 134 136
 136 134
 100 136
 140 138
 134 136
 134 136
 132 137
 132 98
 132 139
 99 136
 142 138
 132 136
 134 134
 101 136
 142 136
 132 136
 99 98
 144 98
 140 138
 102 136
 142 136
 134 138
 134 135
 100 136
 142 136
 134 138
 100 135
 140 138
 134 136
 134 136
 134 136
 132 138
 134 136
 101 136
 134 136
 134 137
 132 136
 134 136
 134 100
 132 138
 100 138
 132 136
 134 138
 134 136
 102 134
 140 138
 133 138
 100 136
 138 136
 132 138
 134 138
 136 136
 132 99
 134 138
 99 136
 132 138
 134 136
 134 138
 100 138
 132 136
 134 136
 98 137
 142 136
 134 136
 132 138
 134 136
 132 136
 134 136
 134 101
 134 136
 134 136
 132 136
 136 136
 132 138
 134 136
 99 136
 140 138
 132 136
 100 136
 140 136
 132 136
 134 140
 100 100
 140 138
 134 136
 102 138
 139 139
 136 137
 99 136
 138 138
 134 136
 132 136
 100 99
 140 138
 132 136
 99 134
 140 138
 133 138
 101 136
 140 136
 132 136
 134 138
 99 136
 142 136
 132 138
 100 136
 140 140
 136 136
 132 141
 100 101
 142 136
 134 138
 99 136
 140 140
 134 138
 99 138
 138 138
 136 136
 134 136
 99 135
 138 138
 134 136
 97 138
 142 142
 134 134
 134 136
 134 136
 134 136
 134 136
 99 136
 134 137
 134 138
 138 138
 134 138
 136 136
 134 138
 101 99
 140 99
 140 136
 100 137
 134 136
 134 137
 97 138
 134 138
 132 136
 132 138
 99 138
 140 136
 134 138
 99 138
 142 136
 134 136
 132 136
 101 134
 142 136
 134 136
 99 138
 140 136
 134 136
 102 136
 134 136
 134 138
 134 136
 98 102
 140 99
 141 135
 100 137
 140 136
 132 136
 134 134
 132 138
 136 136
 134 138
 99 97
 134 99
 140 138
 102 136
 140 138
 135 136
 98 138
 142 136
 132 136
 132 136
 102 136
 140 140
 134 136
 99 138
 139 139
 134 138
 136 136
 98 99
 132 100
 134 136
 98 138
 132 136
 136 138
 98 136
 140 136
 132 138
 134 137
 99 136
 134 136
 136 136
 101 138
 135 139
 132 138
 134 136
 99 137
 133 137
 132 140
 101 100
 134 98
 132 136
 99 134
 136 136
 132 136
 134 138
 134 136
 134 134
 132 139
 100 98
 134 98
 134 138
 100 136
 132 136
 134 136
 100 138
 134 138
 132 136
 99 134
 100 138
 134 97
 132 138
 99 138
 134 139
 134 138
 134 136
 100 136
 134 136
 133 136
 100 137
 134 136
 136 136
 132 136
 101 136
 134 136
 132 138
 98 136
 134 136
 134 135
 134 138
 133 137
 132 99
 135 136
 99 136
 134 136
 136 136
 134 136
 133 137
 134 136
 134 136
 100 138
 134 136
 132 136
 134 136
 99 138
 134 136
 134 136
 99 136
 134 136
 132 136
 134 134
 134 136
 134 137
 134 138
 99 136
 134 136
 134 136
 134 136
 100 136
 141 136
 132 138
 101 100
 139 100
 141 136
 99 136
 142 136
 134 136
 134 136
 101 136
 142 136
 132 138
 98 135
 142 136
 134 136
 132 136
 136 138
 132 136
 134 138
 99 138
 134 138
 134 136
 97 100
 140 100
 140 136
 98 137
 140 136
 137 136
 132 138
 100 136
 134 136
 137 140
 98 136
 139 137
 134 136
 132 137
 100 99
 141 136
 134 138
 99 135
 140 136
 132 134
 100 136
 140 138
 132 138
 134 136
 101 138
 134 138
 98 137
 100 138
 134 136
 132 136
 134 136
 99 136
 136 136
 134 136
 99 136
 134 136
 134 136
 100 136
 136 136
 134 138
 135 137
 100 99
 140 100
 138 134
 99 138
 136 140
 136 138
 136 136
 102 136
 136 136
 136 140
 99 136
 134 136
 132 136
 134 136
 97 136
 140 136
 134 136
 100 138
 140 138
 134 136
 134 136
 99 136
 135 138
 99 136
 106 136
 140 138
 134 136
 136 138
 134 138
 134 137
 136 136
 99 140
 140 138
 134 136
 134 136
 132 138
 134 101
 140 136
 100 136
 134 136
 136 139
 134 136
 134 138
 134 138
 134 138
 101 136
 138 134
 134 136
 100 101
 140 99
 140 138
 99 138
 140 136
 134 138
 134 138
 100 138
 142 138
 137 137
 100 138
 142 138
 132 140
 134 136
 100 101
 140 138
 134 138
 97 136
 142 138
 132 136
 102 138
 134 140
 134 136
 132 136
 132 136
 132 136
 99 134
 108 138
 142 136
 134 136
 134 134
 101 136
 140 138
 134 136
 100 101
 140 101
 139 139
 99 136
 140 136
 132 137
 100 138
 146 138
 134 138
 134 138
 99 136
 136 138
 134 136
 100 99
 134 100
 132 140
 99 138
 134 138
 136 138
 133 136
 99 136
 132 138
 134 136
 99 100
 132 99
 132 140
 99 136
 134 136
 134 138
 134 136
 100 136
 136 134
 134 136
 102 138
 132 138
 134 136
 132 136
 134 137
 134 98
 136 136
 99 134
 142 138
 134 136
 132 139
 134 136
 134 136
 134 136
 99 138
 140 138
 132 136
 134 136
 136 138
 132 135
 136 136
 99 98
 142 106
 140 138
 97 138
 140 140
 134 136
 97 136
 140 136
 136 138
 136 138
 100 136
 134 136
 132 136
 100 138
 136 136
 132 136
 134 134
 100 136
 145 136
 136 138
 100 99
 140 99
 143 137
 100 136
 142 144
 134 138
 136 136
 100 140
 140 142
 132 136
 99 134
 134 142
 132 138
 132 135
 98 99
 134 106
 140 136
 100 136
 140 144
 134 138
 99 136
 134 138
 136 136
 134 137
 100 137
 134 138
 133 138
 100 137
 132 138
 136 137
 132 140
 134 138
 134 99
 134 136
 101 136
 138 136
 134 136
 132 137
 132 136
 132 136
 134 136
 99 98
 142 100
 134 136
 101 136
 140 136
 134 136
 99 136
 140 136
 134 136
 134 136
 100 136
 134 136
 136 136
 100 99
 140 99
 142 136
 99 136
 134 136
 136 134
 135 136
 98 135
 138 144
 135 139
 99 138
 136 140
 134 136
 99 136
 141 138
 132 100
 138 136
 98 136
 134 136
 132 136
 101 138
 142 136
 136 136
 134 136
 101 138
 138 138
 132 136
 102 138
 136 138
 132 138
 134 136
 136 138
 134 136
 132 136
 101 100
 134 107
 134 138
 100 137
 134 142
 134 138
 132 138
 134 138
 134 136
 132 138
 101 138
 134 136
 134 138
 134 138
 100 136
 134 136
 132 137
 100 139
 140 138
 134 138
 99 102
 134 100
 131 136
 101 136
 134 138
 134 136
 132 138
 100 138
 134 138
 132 136
 99 136
 134 136
 134 136
 132 136
 100 136
 132 136
 133 136
 101 136
 142 136
 136 136
 134 136
 97 136
 138 138
 134 138
 98 136
 134 138
 134 137
 132 138
 132 138
 133 134
 132 136
 100 101
 140 100
 136 138
 101 136
 132 136
 135 134
 101 136
 132 136
 132 136
 132 136
 98 136
 132 138
 132 138
 101 100
 136 100
 140 136
 98 136
 140 136
 132 140
 100 137
 132 135
 134 138
 132 136
 132 136
 134 136
 132 136
 100 99
 140 101
 136 136
 99 138
 139 139
 134 136
 100 136
 144 139
 132 138
 134 138
 99 100
 142 138
 136 138
 98 138
 142 142
 132 136
 99 138
 132 136
 136 136
 134 138
 100 136
 134 134
 136 138
 100 100
 136 99
 134 136
 100 138
 135 139
 136 138
 134 138
 134 136
 135 138
 134 134
 97 100
 132 99
 132 138
 101 138
 134 137
 136 138
 101 136
 132 136
 132 136
 134 136
 100 136
 133 141
 134 136
 100 99
 134 100
 132 136
 99 138
 136 138
 134 134
 132 139
 100 136
 134 136
 134 136
 100 101
 140 101
 132 137
 100 137
 142 138
 136 136
 98 136
 140 136
 134 138
 136 136
 99 100
 140 138
 132 138
 99 136
 134 138
 132 136
 102 136
 146 136
 134 138
 134 138
 99 138
 138 136
 132 140
 99 136
 142 136
 132 138
 132 136
 99 138
 133 136
 134 136
 98 99
 134 99
 135 139
 100 136
 134 136
 132 136
 97 138
 132 137
 134 138
 132 134
 99 136
 134 136
 134 138
 100 138
 134 136
 134 139
 136 136
 99 136
 134 136
 134 135
 101 98
 134 99
 137 138
 100 138
 140 138
 132 138
 134 134
 99 136
 140 138
 132 136
 98 138
 132 136
 132 136
 134 134
 97 136
 142 136
 132 136
 102 136
 140 138
 132 137
 136 134
 101 99
 141 139
 132 137
 100 138
 140 136
 132 138
 99 136
 139 139
 136 138
 132 138
 136 136
 133 102
 140 138
 99 136
 139 137
 136 136
 99 138
 140 136
 134 136
 134 136
 132 138
 134 136
 132 136
 100 136
 142 136
 136 138
 100 137
 140 138
 135 136
 99 136
 106 140
 140 136
 136 136
 97 100
 142 99
 142 136
 101 136
 140 138
 134 138
 134 136
 98 136
 138 136
 132 136
 99 100
 143 98
 142 136
 99 136
 132 138
 132 136
 100 136
 142 138
 132 134
 132 134
 102 101
 140 99
 141 137
 100 134
 140 136
 134 140
 101 134
 136 134
 132 138
 134 138
 100 137
 134 138
 132 138
 101 134
 134 140
 134 136
 134 136
 99 98
 142 99
 142 136
 98 138
 134 138
 134 136
 98 140
 132 137
 134 136
 134 136
 100 138
 133 136
 136 138
 101 136
 136 138
 133 134
 132 136
 99 136
 140 136
 134 136
 99 99
 142 100
 134 138
 100 136
 140 136
 134 134
 132 136
 97 136
 136 140
 134 139
 102 136
 136 136
 134 134
 132 138
 100 138
 132 138
 134 136
 99 138
 134 136
 132 138
 134 138
 101 138
 134 136
 136 136
 99 136
 134 136
 134 136
 98 138
 132 136
 132 136
 134 136
 100 136
 135 136
 134 136
 99 136
 136 134
 102 136
 101 138
 134 138
 134 136
 134 135
 99 136
 134 140
 132 138
 99 136
 134 138
 134 136
 134 136
 101 136
 132 137
 132 138
 99 100
 134 99
 132 136
 101 137
 134 136
 135 136
 134 136
 99 136
 134 136
 134 136
 100 101
 134 100
 136 136
 98 138
 132 136
 132 139
 101 136
 134 136
 132 138
 134 134
 97 136
 134 136
 134 138
 99 138
 133 143
 132 138
 132 135
 132 136
 132 136
 132 136
 98 99
 139 99
 142 136
 134 136
 134 102
 136 138
 134 102
 134 138
 135 98
 134 140
 134 99
 140 99
 140 136
 134 99
 134 140
 132 136
 134 140
 134 136
 132 138
 136 136
 133 137
 134 138
 132 137
 134 136
 132 101
 138 100
 140 134
 132 136
 134 136
 134 102
 140 136
 99 98
 142 136
 100 136
 142 136
 134 138
 134 136
 99 139
 134 136
 134 136
 100 135
 136 138
 136 136
 134 138
 99 138
 136 142
 134 138
 134 136
 134 136
 134 138
 134 139
 99 98
 140 100
 134 136
 100 139
 134 138
 132 136
 134 134
 100 138
 140 136
 136 136
 100 138
 140 136
 134 136
 102 136
 134 136
 134 140
 134 136
 100 101
 138 136
 133 134
 98 139
 144 138
 134 138
 100 136
 134 144
 134 138
 132 136
 100 135
 134 138
 134 138
 100 138
 132 136
 134 138
 134 136
 98 134
 134 134
 132 137
 99 136
 134 136
 132 136
 134 134
 99 136
 134 138
 136 140
 98 134
 134 138
 134 136
 134 138
 99 136
 134 136
 134 137
 97 136
 132 138
 134 136
 136 138
 98 136
 99 138
 134 138
 102 136
 134 140
 132 136
 132 137
 132 136
 134 99
 134 134
 101 138
 134 136
 136 136
 134 137
 101 138
 133 134
 136 136
 99 136
 134 136
 134 138
 98 138
 132 136
 134 138
 134 136
 98 136
 136 144
 134 136
 100 138
 134 133
 132 136
 99 136
 101 136
 134 136
 132 138
 98 138
 134 136
 136 136
 134 137
 101 138
 139 137
 136 138
 97 138
 132 136
 134 138
 132 137
 132 136
 132 100
 134 138
 99 138
 132 138
 132 136
 132 136
 99 138
 134 136
 136 136
 100 99
 142 100
 140 136
 100 138
 140 144
 132 136
 134 138
 132 136
 132 138
 134 138
 99 136
 134 142
 132 138
 100 136
 134 143
 132 100
 134 140
 98 138
 136 135
 132 136
 102 138
 132 136
 134 136
 134 138
 99 102
 140 98
 134 136
 99 134
 136 136
 132 134
 98 99
 142 101
 134 136
 100 138
 142 136
 134 138
 136 138
 99 136
 140 138
 134 138
 98 138
 140 136
 135 136
 134 136
 99 136
 140 136
 134 136
 99 100
 141 102
 140 138
 99 138
 140 138
 132 136
 134 136
 97 134
 140 136
 132 139
 98 137
 132 136
 134 136
 132 136
 100 99
 142 100
 141 137
 101 136
 140 134
 134 138
 101 100
 141 99
 140 136
 98 137
 138 136
 136 136
 132 136
 100 138
 140 136
 134 136
 101 98
 140 102
 139 137
 100 136
 134 138
 132 138
 101 136
 140 137
 134 136
 134 138
 99 138
 139 139
 134 136
 102 99
 140 99
 134 137
 100 137
 142 134
 133 138
 136 136
 97 138
 142 136
 136 136
 98 138
 136 138
 134 138
 99 136
 132 136
 136 136
 134 137
 100 136
 136 136
 132 138
 102 136
 134 140
 135 138
 134 136
 100 138
 134 136
 134 136
 99 98
 139 106
 144 135
 100 139
 140 146
 136 136
 134 138
 102 138
 132 144
 134 136
 100 134
 140 142
 134 136
 134 138
 102 136
 136 136
 134 136
 99 138
 140 136
 134 134
 132 138
 102 134
 142 138
 134 138
 100 136
 140 136
 134 136
 134 136
 101 134
 142 138
 134 138
 99 99
 142 100
 140 138
 97 138
 142 136
 132 136
 134 139
 98 138
 134 138
 134 137
 99 98
 142 99
 140 136
 98 136
 139 139
 136 138
 134 140
 101 136
 138 134
 132 138
 98 101
 140 100
 140 136
 101 136
 141 136
 134 136
 134 135
 102 136
 138 136
 134 138
 97 134
 136 136
 136 136
 136 138
 134 136
 134 136
 134 136
 100 134
 138 138
 136 136
 134 136
 99 100
 134 100
 134 138
 100 137
 141 143
 134 138
 98 97
 140 106
 134 136
 99 136
 140 144
 101 136
 134 138
 99 138
 140 144
 134 137
 100 136
 134 136
 132 136
 132 138
 100 138
 134 138
 136 136
 98 136
 140 144
 134 136
 97 98
 134 98
 134 136
 100 137
 134 145
 132 136
 99 136
 136 138
 132 138
 137 136
 97 136
 140 136
 132 135
 100 136
 134 135
 134 136
 134 136
 101 138
 134 138
 134 136
 100 136
 132 138
 134 138
 134 136
 99 136
 141 137
 134 138
 101 138
 136 136
 100 136
 102 138
 133 136
 134 100
 134 138
 99 136
 134 136
 134 138
 134 136
 134 138
 134 136
 132 136
 99 136
 134 138
 98 136
 106 136
 140 138
 134 136
 132 138
 101 138
 134 138
 132 138
 99 138
 132 133
 132 136
 132 136
 131 138
 132 99
 132 136
 100 136
 132 136
 134 138
 132 134
 132 137
 132 138
 99 136
 100 136
 134 138
 134 136
 100 136
 132 136
 134 138
 132 136
 99 99
 142 138
 134 138
 98 136
 140 136
 134 136
 97 136
 140 138
 99 136
 136 136
 136 138
 136 138
 134 136
 98 101
 140 99
 140 136
 98 136
 140 138
 136 138
 132 136
 132 136
 136 138
 132 136
 100 138
 136 136
 136 136
 128 137
 136 138
 136 101
 132 136
 101 138
 134 136
 132 136
 142 136
 134 138
 136 138
 134 140
 100 138
 134 136
 136 136
 132 134
 132 136
 130 134
 136 136
 99 98
 140 100
 132 136
 102 138
 140 138
 136 138
 98 138
 140 138
 136 136
 132 136
 98 138
 140 142
 134 136
 134 99
 134 136
 134 138
 132 136
 102 134
 132 138
 133 136
 100 137
 132 138
 132 136
 97 138
 140 134
 132 98
 142 136
 100 137
 142 136
 134 138
 99 138
 134 138
 136 136
 136 136
 102 99
 141 135
 136 138
 134 136
 134 140
 134 137
 100 137
 142 136
 132 136
 136 136
 134 136
 134 136
 97 136
 103 143
 142 136
 134 136
 126 138
 132 139
 136 99
 142 144
 100 135
 134 141
 132 136
 100 99
 134 106
 136 142
 99 136
 134 142
 134 138
 136 136
 101 140
 134 144
 134 136
 98 138
 134 144
 132 138
 99 100
 140 107
 142 136
 98 138
 140 136
 133 139
 134 136
 134 136
 101 138
 142 138
 100 102
 142 106
 140 136
 99 136
 144 144
 134 140
 134 137
 136 136
 132 137
 134 136
 101 134
 140 144
 133 138
 134 136
 134 136
 134 102
 140 144
 101 136
 142 144
 132 136
 132 136
 134 138
 134 136
 99 138
 106 146
 141 146
 132 136
 134 136
 132 139
 134 136
 134 138
 100 134
 140 144
 132 139
 132 138
 132 136
 134 137
 134 136
 99 100
 140 105
 136 146
 100 136
 132 144
 134 136
 99 136
 140 140
 132 137
 136 136
 132 136
 134 138
 132 136
 99 136
 140 136
 134 138
 98 136
 138 136
 136 136
 134 139
 99 136
 142 142
 134 136
 102 101
 140 109
 134 144
 100 138
 132 145
 134 137
 134 136
 134 138
 132 136
 132 139
 100 136
 132 143
 132 138
 100 138
 140 144
 132 139
 136 138
 101 138
 140 142
 134 136
 98 136
 143 141
 134 136
 134 136
 100 137
 140 142
 134 136
 100 137
 140 143
 134 138
 132 136
 99 136
 140 144
 134 140
 100 99
 142 106
 134 143
 100 134
 136 144
 132 137
 138 136
 99 136
 142 142
 134 137
 100 136
 134 144
 134 136
 132 136
 98 136
 142 144
 134 138
 100 136
 138 138
 134 136
 132 136
 134 137
 132 136
 135 137
 101 100
 138 103
 134 142
 100 136
 142 144
 134 138
 99 136
 138 136
 134 134
 134 135
 134 134
 136 99
 142 138
 100 138
 132 136
 132 138
 132 138
 97 138
 142 144
 134 136
 99 101
 142 106
 136 142
 100 135
 138 144
 136 136
 134 136
 99 136
 142 136
 134 140
 99 138
 138 138
 136 138
 99 100
 140 108
 142 144
 100 138
 140 138
 136 136
 134 136
 98 101
 141 108
 134 141
 100 138
 134 143
 136 136
 99 136
 135 138
 134 134
 132 134
 99 134
 134 138
 134 136
 102 138
 132 137
 134 136
 132 138
 136 101
 134 105
 136 138
 102 136
 140 146
 134 136
 134 138
 101 136
 132 144
 132 134
 100 136
 135 143
 132 135
 134 138
 99 138
 134 144
 134 137
 101 136
 132 144
 134 138
 132 138
 132 99
 132 106
 134 138
 99 136
 132 144
 134 136
 132 136
 134 138
 132 138
 137 137
 99 136
 132 144
 134 136
 135 136
 132 136
 134 99
 134 144
 101 138
 134 145
 136 140
 101 136
 132 144
 134 138
 132 138
 101 100
 134 144
 134 136
 100 136
 136 143
 132 138
 101 138
 136 145
 134 138
 134 138
 98 136
 135 145
 134 138
 100 134
 132 142
 134 136
 134 138
 100 136
 136 142
 132 136
 99 99
 134 106
 134 137
 100 136
 132 144
 132 135
 134 136
 97 136
 134 144
 134 138
 102 99
 134 106
 133 145
 98 136
 134 144
 133 137
 134 138
 97 136
 132 142
 134 136
 101 98
 134 106
 132 136
 101 136
 134 144
 132 138
 133 137
 134 138
 132 137
 132 136
 102 138
 132 143
 134 136
 102 136
 134 144
 134 100
 134 144
 101 136
 134 142
 132 139
 100 136
 132 143
 134 138
 132 138
 100 138
 134 140
 134 134
 99 134
 134 142
 134 100
 136 142
 100 136
 134 144
 132 136
 98 136
 134 143
 132 136
 134 138
 102 138
 134 142
 132 138
 99 98
 134 105
 134 142
 99 138
 135 143
 134 138
 132 135
 132 138
 132 101
 134 144
 100 136
 132 144
 134 136
 132 138
 133 139
 134 138
 134 138
 98 136
 134 144
 132 136
 134 100
 134 142
 134 136
 134 136
 101 138
 134 144
 134 134
 99 139
 134 144
 134 136
 132 138
 99 140
 136 144
 134 136
 98 137
 134 144
 134 136
 135 134
 100 100
 134 144
 132 136
 100 140
 134 142
 134 138
 99 136
 136 142
 134 138
 131 134
 99 136
 136 146
 132 138
 102 136
 134 142
 134 137
 100 138
 132 143
 132 136
 134 136
 102 135
 134 144
 132 136
 100 98
 132 106
 134 136
 100 136
 134 146
 134 136
 134 136
 134 138
 134 136
 134 136
 97 136
 136 142
 134 136
 99 136
 136 143
 136 138
 134 136
 100 138
 134 144
 134 138
 99 100
 132 103
 132 134
 97 136
 132 146
 134 136
 134 136
 99 136
 134 142
 137 136
 98 99
 135 106
 134 138
 101 138
 134 142
 132 137
 136 136
 99 136
 136 142
 136 140
 100 101
 136 107
 136 143
 101 136
 134 143
 132 137
 97 136
 132 145
 136 136
 136 138
 100 137
 136 144
 136 136
 136 136
 134 138
 136 102
 132 146
 98 138
 136 144
 132 140
 136 136
 100 136
 134 144
 134 136
 99 136
 134 136
 134 136
 100 136
 134 138
 138 98
 132 134
 100 138
 134 144
 132 138
 134 136
 134 138
 134 136
 134 138
 100 102
 134 108
 134 136
 99 138
 134 146
 132 137
 134 136
 134 136
 134 136
 132 139
 98 136
 134 146
 134 138
 99 100
 136 108
 134 143
 102 138
 134 144
 134 138
 134 136
 100 99
 132 143
 132 137
 132 138
 134 135
 134 138
 102 136
 134 141
 134 136
 132 138
 134 136
 134 134
 132 138
 99 136
 132 142
 134 138
 100 136
 134 144
 132 140
 134 138
 97 100
 132 103
 134 136
 98 136
 132 143
 132 136
 134 136
 98 137
 132 145
 134 136
 101 136
 135 145
 134 138
 134 136
 98 140
 134 144
 132 134
 99 136
 134 142
 134 136
 132 136
 98 138
 134 144
 134 136
 100 136
 132 138
 134 138
 134 137
 100 137
 134 143
 134 136
 99 100
 134 107
 134 138
 100 136
 136 146
 134 140
 100 138
 132 142
 134 138
 136 138
 98 136
 134 142
 134 138
 101 101
 134 106
 136 140
 99 138
 134 144
 134 136
 134 136
 99 134
 130 137
 132 138
 132 100
 130 144
 136 136
 136 138
 101 136
 134 143
 134 138
 101 136
 136 146
 134 136
 134 136
 100 136
 134 144
 136 136
 100 136
 134 144
 134 138
 132 136
 101 134
 136 146
 135 137
 100 100
 134 105
 134 140
 97 136
 134 142
 134 137
 101 136
 134 142
 134 138
 136 136
 100 136
 134 146
 134 138
 99 138
 136 146
 132 136
 134 138
 101 136
 100 140
 134 144
 100 99
 134 105
 134 142
 99 136
 136 146
 134 136
 99 138
 134 144
 132 136
 134 139
 99 136
 136 146
 136 138
 99 136
 136 145
 132 136
 133 137
 134 138
 133 138
 134 136
 99 100
 132 106
 134 144
 100 135
 136 142
 134 138
 99 138
 134 142
 133 138
 132 138
 98 138
 134 144
 135 138
 102 136
 134 145
 134 138
 132 134
 100 99
 134 142
 132 138
 100 137
 134 143
 101 138
 100 144
 132 142
 134 136
 132 136
 97 136
 135 143
 136 138
 101 136
 134 142
 132 134
 134 136
 99 138
 136 138
 134 136
 100 142
 134 143
 132 134
 134 135
 100 101
 132 144
 134 136
 100 137
 134 144
 134 138
 101 136
 134 138
 136 138
 132 138
 98 136
 136 142
 134 137
 101 138
 132 144
 132 138
 134 136
 133 136
 134 101
 134 140
 100 136
 134 144
 134 136
 100 101
 140 106
 134 136
 99 136
 138 144
 136 136
 134 138
 100 136
 134 144
 132 138
 101 136
 132 146
 134 138
 134 136
 100 100
 140 105
 131 136
 100 134
 140 142
 134 136
 100 137
 134 144
 136 138
 134 138
 132 136
 132 136
 134 136
 99 138
 132 144
 132 136
 134 136
 134 136
 135 100
 134 143
 100 138
 134 146
 134 136
 100 136
 132 142
 134 138
 136 138
 100 138
 132 141
 134 136
 134 138
 134 138
 134 101
 136 142
 100 138
 136 144
 132 136
 132 136
 132 136
 134 136
 134 139
 101 138
 134 142
 134 136
 132 139
 134 138
 134 98
 133 144
 99 138
 132 142
 134 136
 100 137
 134 142
 132 136
 134 136
 100 136
 132 145
 134 135
 120 136
 134 136
 132 136
 134 137
 100 137
 132 142
 134 138
 132 137
 134 134
 132 137
 136 138
 98 136
 134 142
 134 135
 132 138
 100 136
 133 145
 132 136
 100 136
 134 144
 132 138
 135 136
 97 100
 138 106
 134 144
 99 136
 132 143
 136 138
 97 140
 136 144
 134 134
 136 136
 100 136
 134 144
 134 135
 100 138
 134 142
 134 97
 142 144
 101 136
 142 146
 134 138
 99 136
 132 142
 136 136
 134 139
 99 98
 140 142
 134 136
 100 135
 138 146
 132 138
 101 138
 132 145
 136 138
 136 138
 101 98
 138 105
 134 138
 99 136
 140 144
 134 136
 99 140
 133 143
 134 134
 134 138
 98 138
 142 144
 136 138
 100 100
 140 105
 134 136
 98 137
 141 143
 137 136
 134 136
 134 138
 132 136
 132 139
 98 99
 139 104
 132 136
 102 138
 140 142
 134 138
 99 136
 132 144
 136 136
 134 138
 136 136
 134 138
 132 136
 99 136
 137 140
 134 138
 134 136
 132 137
 138 138
 134 136
 99 136
 134 142
 132 137
 133 138
 134 136
 132 97
 134 146
 99 138
 134 145
 132 136
 99 136
 134 142
 132 140
 136 138
 99 136
 135 141
 134 138
 100 138
 134 144
 134 138
 136 140
 99 136
 134 142
 132 138
 102 100
 132 106
 136 134
 100 137
 136 143
 134 136
 134 136
 99 138
 134 144
 134 136
 100 100
 134 106
 134 136
 98 138
 134 144
 134 136
 132 138
 134 134
 134 140
 136 136
 101 136
 134 146
 134 134
 132 138
 99 136
 134 136
 134 137
 101 136
 136 140
 134 136
 132 139
 136 138
 134 138
 98 138
 99 137
 136 138
 136 136
 99 138
 134 134
 134 136
 132 139
 132 140
 134 136
 134 136
 97 138
 134 138
 134 138
 101 136
 134 135
 136 138
 134 136
 101 136
 136 142
 134 138
 99 102
 136 106
 133 143
 101 136
 134 142
 134 138
 134 136
 100 135
 134 145
 134 134
 99 136
 132 144
 132 136
 136 136
 98 138
 136 146
 132 134
 97 136
 136 145
 133 137
 132 136
 100 136
 134 144
 134 137
 100 138
 134 144
 132 136
 134 138
 99 136
 136 142
 132 138
 98 138
 134 142
 136 138
 134 139
 99 138
 136 142
 132 136
 100 138
 134 146
 134 138
 132 136
 101 136
 132 144
 134 136
 100 100
 132 106
 132 148
 98 136
 136 142
 136 136
 134 136
 99 137
 136 144
 132 136
 99 100
 132 107
 134 136
 98 136
 138 150
 132 138
 134 137
 134 138
 132 134
 134 136
 97 138
 132 142
 134 136
 99 136
 134 143
 134 139
 134 136
 99 136
 134 142
 134 138
 100 138
 136 142
 100 140
 136 144
 134 140
 134 134
 134 138
 101 98
 132 107
 132 134
 98 138
 134 142
 134 138
 134 139
 136 136
 134 136
 134 140
 101 136
 134 136
 134 140
 134 136
 136 136
 100 136
 134 142
 99 100
 136 99
 134 144
 100 136
 135 143
 132 136
 102 99
 133 106
 134 136
 100 138
 134 136
 134 136
 132 136
 99 136
 134 136
 132 138
 100 136
 134 136
 134 136
 98 136
 98 137
 134 138
 132 136
 100 136
 134 138
 136 139
 134 138
 134 136
 132 101
 134 134
 101 138
 140 145
 134 136
 133 136
 101 136
 134 138
 132 138
 100 99
 136 102
 134 136
 101 136
 136 137
 134 138
 136 136
 99 138
 136 138
 132 138
 99 136
 141 135
 137 138
 134 136
 99 136
 142 136
 136 138
 99 138
 140 138
 134 137
 134 136
 101 134
 142 138
 132 138
 98 136
 142 136
 132 138
 98 101
 140 101
 139 136
 134 137
 132 136
 134 136
 134 136
 99 136
 140 140
 134 136
 132 137
 132 138
 134 136
 132 136
 99 138
 140 138
 132 138
 100 136
 134 136
 134 136
 132 136
 100 136
 132 134
 132 136
 98 133
 142 134
 134 138
 134 136
 98 136
 140 138
 134 136
 100 136
 140 138
 134 138
 134 138
 136 136
 134 136
 134 140
 100 134
 134 136
 136 136
 98 101
 134 99
 134 136
 99 136
 134 138
 134 138
 102 136
 134 142
 132 134
 132 137
 99 100
 134 106
 134 144
 99 136
 140 146
 134 138
 102 138
 135 143
 133 137
 132 136
 100 137
 136 136
 132 138
 101 102
 140 106
 140 136
 101 136
 140 146
 134 138
 132 138
 134 138
 133 136
 134 138
 100 136
 133 138
 136 138
 100 138
 134 137
 132 100
 136 136
 98 136
 142 144
 134 136
 99 98
 134 97
 140 136
 98 137
 142 138
 136 138
 132 137
 100 135
 142 136
 132 137
 134 136
 134 134
 136 102
 136 136
 100 136
 142 138
 134 136
 134 136
 99 136
 136 138
 134 138
 98 140
 134 136
 134 136
 132 138
 134 134
 132 138
 134 138
 98 100
 141 101
 134 134
 100 136
 142 136
 134 136
 99 136
 142 136
 134 140
 134 138
 98 99
 132 101
 134 136
 100 136
 134 138
 132 136
 98 138
 132 136
 134 97
 134 138
 99 138
 132 140
 136 136
 134 138
 102 136
 136 139
 132 138
 99 100
 134 98
 134 138
 102 136
 132 137
 132 136
 134 138
 97 136
 134 136
 134 136
 100 136
 134 134
 136 136
 101 138
 100 136
 136 138
 132 136
 101 134
 134 138
 136 136
 132 138
 99 100
 132 136
 134 136
 98 136
 105 142
 132 143
 102 136
 134 144
 135 136
 134 137
 134 138
 136 100
 132 148
 101 138
 132 144
 134 134
 101 136
 136 147
 101 136
 136 144
 99 138
 136 144
 134 140
 99 136
 134 145
 98 136
 100 142
 132 136
 135 138
 134 136
 102 99
 134 108
 134 136
 103 136
 134 144
 132 138
 100 138
 136 134
 136 136
 134 136
 99 136
 136 136
 136 138
 101 99
 135 106
 134 146
 101 138
 132 144
 134 138
 134 136
 98 136
 134 136
 134 136
 100 136
 133 145
 132 138
 134 137
 98 136
 136 144
 132 139
 100 136
 134 142
 98 136
 144 143
 98 138
 134 136
 134 136
 101 138
 134 136
 134 135
 134 136
 99 138
 134 138
 136 136
 134 136
 132 137
 136 136
 132 140
 101 100
 142 101
 140 136
 99 136
 142 138
 132 138
 102 138
 142 138
 134 101
 134 136
 98 135
 134 136
 134 138
 134 138
 97 136
 132 138
 134 138
 98 136
 134 138
 136 138
 102 136
 134 136
 134 136
 134 136
 99 96
 134 136
 134 138
 99 135
 134 136
 134 136
 100 99
 141 100
 138 138
 100 136
 134 136
 99 136
 140 136
 100 136
 141 133
 134 138
 99 98
 141 100
 134 136
 99 138
 142 138
 132 138
 100 136
 134 136
 134 136
 132 134
 100 137
 139 136
 134 138
 100 99
 140 99
 142 136
 99 138
 140 138
 132 136
 134 134
 133 136
 134 136
 135 136
 99 98
 134 101
 134 136
 98 138
 142 137
 134 140
 134 136
 132 139
 132 136
 132 138
 101 98
 142 97
 142 138
 100 137
 141 139
 132 138
 99 136
 142 136
 132 136
 133 136
 99 138
 142 136
 136 136
 99 99
 134 100
 140 136
 99 136
 134 136
 102 140
 106 136
 142 136
 133 137
 134 138
 98 136
 134 137
 132 136
 101 138
 136 134
 133 136
 134 136
 100 99
 142 136
 134 136
 100 136
 140 142
 134 136
 98 101
 140 106
 133 142
 101 136
 140 142
 134 138
 134 135
 101 138
 140 142
 134 138
 100 134
 142 143
 133 138
 136 138
 100 134
 140 142
 99 136
 106 142
 140 142
 134 136
 134 138
 132 136
 132 101
 140 140
 100 136
 139 141
 134 139
 100 136
 140 146
 134 136
 134 140
 101 97
 140 144
 134 136
 135 139
 134 136
 134 138
 101 136
 140 142
 132 136
 100 135
 140 136
 134 138
 136 136
 134 138
 133 102
 140 144
 99 136
 142 145
 134 138
 135 134
 134 136
 134 137
 134 138
 99 98
 142 106
 140 136
 97 136
 134 138
 136 138
 100 138
 136 142
 134 138
 136 138
 99 100
 132 108
 134 142
 101 136
 134 138
 134 136
 134 136
 136 138
 134 138
 132 136
 99 138
 140 142
 134 138
 100 136
 140 144
 134 99
 138 144
 99 138
 140 146
 132 136
 99 136
 140 142
 134 136
 134 138
 98 138
 140 141
 134 136
 101 138
 141 143
 132 136
 134 136
 98 99
 138 106
 136 146
 99 138
 142 144
 132 138
 132 136
 100 138
 142 144
 134 138
 100 97
 142 104
 142 142
 99 136
 142 144
 136 136
 134 136
 132 138
 136 138
 134 136
 98 136
 140 142
 132 138
 99 135
 140 144
 137 138
 136 136
 99 136
 138 144
 132 136
 100 134
 138 144
 132 136
 134 138
 134 135
 134 138
 132 136
 100 136
 145 143
 136 138
 100 136
 140 144
 132 136
 132 136
 100 98
 138 106
 139 143
 98 138
 141 141
 134 138
 101 138
 140 144
 134 138
 132 138
 100 136
 141 142
 136 138
 101 136
 140 142
 134 136
 100 100
 140 106
 139 145
 100 138
 142 144
 134 136
 132 138
 98 138
 141 143
 134 136
 101 98
 142 104
 138 145
 101 136
 140 142
 134 136
 132 135
 100 136
 142 144
 134 140
 101 100
 140 106
 142 144
 100 136
 138 142
 136 138
 133 138
 134 136
 134 134
 134 136
 99 100
 140 107
 140 146
 100 136
 140 144
 134 135
 99 138
 142 144
 132 138
 134 138
 100 137
 142 144
 132 138
 134 136
 132 136
 136 135
 134 138
 101 136
 140 144
 100 136
 140 142
 132 136
 136 136
 134 136
 98 99
 141 106
 140 136
 100 136
 141 136
 132 136
 99 138
 134 136
 134 138
 136 138
 100 99
 132 138
 136 136
 134 138
 132 137
 134 136
 96 136
 134 138
 134 137
 102 136
 134 138
 134 136
 132 136
 100 136
 140 138
 136 136
 97 142
 134 138
 132 138
 134 138
 132 136
 132 136
 134 136
 99 99
 132 98
 136 136
 99 138
 136 138
 134 136
 99 136
 132 136
 132 136
 132 138
 132 136
 132 98
 134 138
 99 136
 132 137
 134 138
 99 136
 132 138
 134 136
 132 138
 99 98
 140 99
 140 134
 98 135
 140 142
 134 137
 98 138
 140 144
 136 136
 134 138
 100 136
 140 142
 134 136
 101 98
 140 106
 140 144
 98 136
 138 144
 134 136
 134 146
 132 138
 132 136
 134 134
 102 99
 139 106
 138 145
 100 134
 140 144
 132 136
 99 136
 142 144
 136 136
 133 138
 102 136
 140 144
 134 138
 99 134
 142 138
 136 136
 132 138
 100 136
 140 142
 132 141
 99 138
 140 138
 132 137
 134 138
 101 136
 140 146
 134 138
 99 102
 140 99
 134 136
 100 137
 141 137
 134 136
 135 138
 101 136
 140 140
 136 138
 99 138
 144 138
 134 138
 134 136
 136 136
 132 99
 140 136
 100 136
 139 145
 98 137
 142 142
 134 136
 136 136
 133 137
 102 138
 142 136
 134 136
 134 134
 132 136
 132 99
 142 136
 99 136
 138 138
 134 136
 134 138
 132 136
 134 136
 133 138
 98 136
 139 137
 134 138
 98 136
 140 138
 134 136
 120 138
 134 138
 135 101
 142 138
 98 136
 138 144
 132 135
 100 134
 140 138
 134 138
 134 136
 98 101
 140 142
 134 136
 99 136
 139 147
 134 136
 100 136
 142 136
 132 138
 134 134
 99 136
 142 136
 132 138
 100 134
 140 136
 134 136
 134 138
 98 138
 134 144
 134 138
 100 139
 134 135
 132 134
 136 136
 134 136
 134 99
 136 141
 101 138
 140 144
 134 138
 132 136
 100 138
 134 144
 136 136
 101 138
 132 146
 134 136
 132 136
 99 134
 142 144
 134 134
 100 136
 142 142
 136 138
 132 136
 100 138
 142 142
 132 136
 100 99
 138 105
 134 144
 98 136
 136 146
 136 138
 134 138
 100 136
 140 142
 133 137
 98 139
 140 136
 134 137
 132 136
 100 136
 140 142
 132 137
 98 99
 140 105
 134 141
 101 136
 134 145
 134 138
 134 138
 99 136
 134 142
 132 138
 99 99
 134 105
 134 146
 100 136
 141 142
 134 138
 134 138
 136 136
 132 141
 134 138
 97 140
 134 139
 133 134
 100 136
 134 144
 134 98
 143 134
 101 136
 134 146
 136 136
 98 134
 136 144
 134 99
 132 145
 101 136
 134 144
 132 136
 98 136
 140 143
 133 134
 132 134
 100 101
 140 100
 141 143
 100 138
 134 142
 134 138
 133 134
 132 136
 132 139
 134 136
 99 136
 140 144
 135 134
 134 126
 134 137
 132 100
 137 145
 99 136
 134 144
 134 138
 98 137
 140 144
 134 136
 134 136
 99 138
 140 144
 98 138
 107 136
 140 144
 136 138
 134 137
 100 136
 132 144
 132 136
 99 96
 136 107
 134 144
 100 138
 134 143
 134 135
 132 138
 134 138
 132 134
 134 136
 98 136
 134 139
 132 134
 134 138
 132 138
 132 100
 134 144
 99 138
 134 142
 132 138
 132 138
 132 138
 132 136
 132 136
 100 136
 136 136
 132 138
 134 137
 99 136
 136 144
 134 138
 101 136
 134 136
 134 140
 136 136
 134 136
 134 138
 132 139
 101 136
 134 142
 134 136
 134 138
 100 136
 132 142
 134 136
 100 134
 134 146
 134 136
 132 137
 136 138
 132 138
 134 138
 100 138
 134 146
 132 139
 100 100
 136 105
 136 142
 132 138
 136 136
 134 139
 134 136
 97 138
 134 142
 137 138
 101 134
 135 134
 132 98
 134 144
 97 138
 134 143
 134 136
 100 136
 134 144
 135 136
 101 136
 97 144
 134 137
 134 136
 100 101
 140 108
 134 144
 99 134
 134 142
 134 137
 101 136
 132 143
 134 138
 136 138
 100 137
 132 145
 100 136
 101 142
 134 142
 99 136
 142 144
 99 100
 142 110
 134 136
 99 137
 140 142
 134 136
 134 134
 100 138
 140 144
 134 136
 98 136
 140 143
 132 137
 100 136
 141 136
 134 137
 132 136
 99 136
 140 134
 138 136
 102 99
 143 99
 134 136
 101 136
 140 144
 134 136
 132 138
 134 138
 133 136
 134 138
 97 138
 140 144
 134 136
 132 140
 136 138
 132 140
 136 136
 100 101
 142 106
 134 144
 100 136
 132 138
 134 137
 101 99
 140 107
 134 145
 100 138
 142 146
 134 138
 101 138
 134 144
 132 136
 132 135
 100 98
 141 104
 140 142
 98 140
 139 143
 134 138
 101 138
 140 142
 134 140
 132 136
 102 136
 138 142
 132 138
 99 100
 140 104
 138 142
 99 138
 140 144
 132 138
 101 136
 134 144
 132 136
 99 137
 136 144
 134 99
 132 146
 100 136
 134 142
 135 137
 134 138
 134 138
 132 100
 132 146
 101 138
 134 144
 132 136
 134 138
 99 136
 134 142
 134 140
 102 137
 132 142
 132 134
 132 134
 98 136
 134 145
 134 136
 98 102
 141 104
 134 142
 102 134
 140 144
 133 134
 101 136
 136 146
 136 145
 132 136
 101 138
 134 144
 134 136
 99 100
 140 107
 132 145
 100 138
 140 142
 132 136
 134 137
 100 139
 132 146
 134 136
 97 100
 142 105
 136 142
 99 136
 140 142
 134 137
 132 136
 99 136
 134 141
 134 138
 100 138
 142 138
 132 136
 134 134
 98 136
 142 138
 134 140
 99 99
 139 106
 132 146
 101 136
 134 144
 134 136
 136 136
 134 134
 134 136
 134 136
 99 101
 138 142
 134 136
 100 134
 134 144
 134 136
 134 138
 134 138
 132 136
 136 136
 100 101
 142 106
 137 145
 100 138
 140 142
 132 135
 98 99
 140 107
 134 144
 99 138
 134 142
 134 136
 134 138
 99 138
 134 146
 136 136
 99 98
 140 106
 135 143
 98 134
 140 144
 132 136
 134 138
 98 136
 140 140
 134 138
 100 138
 140 138
 134 134
 134 136
 132 136
 132 136
 136 136
 98 100
 140 106
 132 144
 101 138
 140 142
 134 138
 100 136
 140 142
 134 138
 132 136
 101 136
 134 142
 134 138
 98 138
 136 142
 132 139
 134 134
 99 134
 134 142
 134 138
 100 99
 140 106
 140 146
 101 136
 133 143
 132 136
 98 136
 132 144
 134 138
 134 136
 100 136
 133 145
 132 136
 100 99
 134 108
 132 144
 99 136
 138 144
 134 138
 132 136
 134 138
 134 134
 132 136
 101 100
 139 106
 132 142
 98 138
 140 144
 134 136
 98 136
 141 146
 134 138
 136 135
 102 136
 140 144
 132 138
 101 136
 140 144
 136 140
 134 135
 98 138
 140 136
 134 138
 100 138
 142 136
 136 136
 136 136
 134 136
 132 136
 132 138
 99 136
 141 144
 136 138
 100 139
 139 134
 134 136
 134 136
 100 136
 146 138
 134 138
 100 136
 142 138
 134 137
 136 134
 100 100
 144 142
 134 136
 101 134
 140 145
 132 138
 100 136
 140 144
 134 136
 132 136
 136 138
 136 101
 141 143
 102 134
 132 142
 134 136
 134 134
 134 136
 134 136
 136 136
 98 97
 140 108
 134 144
 99 136
 140 142
 132 138
 136 136
 98 138
 138 138
 134 138
 99 98
 142 108
 134 146
 99 136
 136 142
 132 138
 100 136
 134 136
 132 136
 134 138
 99 136
 132 142
 134 138
 99 138
 132 145
 136 140
 136 136
 134 139
 134 136
 134 136
 100 136
 142 142
 132 137
 134 136
 134 136
 136 136
 134 136
 99 136
 143 137
 135 137
 98 128
 134 136
 133 101
 132 137
 99 136
 134 138
 134 135
 99 136
 135 136
 133 138
 134 136
 134 138
 132 136
 132 140
 99 136
 136 136
 134 136
 134 136
 132 136
 133 138
 134 136
 101 100
 138 106
 134 144
 98 140
 139 143
 136 136
 97 138
 139 281
 134 138
 132 136
 100 138
 138 142
 134 138
 101 139
 140 147
 134 136
 134 136
 100 136
 138 144
 136 140
 98 136
 140 146
 136 140
 132 138
 101 138
 140 144
 136 136
 100 136
 140 144
 135 136
 134 138
 98 99
 138 106
 141 143
 99 136
 134 142
 132 136
 97 136
 134 142
 134 136
 134 138
 101 136
 136 144
 132 136
 102 101
 140 105
 134 144
 99 136
 140 144
 134 136
 134 138
 99 136
 140 144
 134 136
 98 136
 139 137
 134 136
 132 138
 100 99
 144 140
 134 136
 98 138
 140 142
 134 136
 134 136
 132 136
 132 140
 134 138
 100 99
 142 108
 134 144
 100 137
 142 142
 134 138
 132 136
 132 137
 134 136
 133 136
 99 138
 140 144
 135 136
 99 136
 134 141
 134 136
 136 136
 98 138
 140 143
 132 137
 102 138
 138 143
 136 136
 132 136
 100 138
 140 138
 134 135
 99 136
 132 144
 134 136
 132 136
 132 136
 134 138
 133 136
 100 100
 134 104
 134 145
 100 134
 132 144
 135 138
 132 136
 132 136
 134 136
 135 134
 99 136
 136 145
 132 138
 102 98
 142 108
 134 144
 101 136
 138 142
 132 138
 132 137
 98 137
 106 136
 143 138
 98 136
 140 140
 136 136
 100 137
 140 138
 135 134
 100 137
 108 138
 140 138
 134 136
 98 101
 142 100
 134 136
 99 136
 140 138
 134 136
 134 140
 101 140
 143 139
 132 138
 100 137
 142 138
 134 136
 132 138
 98 138
 142 138
 134 139
 102 136
 140 144
 136 136
 98 136
 142 144
 132 134
 136 136
 100 136
 142 144
 132 136
 99 136
 144 142
 151 137
 134 136
 132 138
 136 150
 134 140
 100 134
 142 142
 99 138
 142 144
 99 98
 142 144
 132 136
 132 138
 134 138
 134 138
 98 136
 140 144
 136 138
 99 99
 140 105
 140 144
 97 136
 134 142
 134 134
 135 136
 99 136
 140 144
 134 136
 102 138
 140 138
 136 138
 134 136
 99 136
 140 134
 134 136
 99 99
 140 106
 142 144
 99 138
 142 142
 133 138
 134 138
 102 136
 140 142
 134 136
 100 137
 140 142
 132 138
 137 136
 97 136
 142 142
 134 138
 99 138
 132 142
 134 136
 134 136
 134 138
 132 97
 134 142
 99 138
 132 148
 133 136
 130 138
 100 136
 141 141
 134 137
 99 98
 142 103
 140 144
 100 136
 138 142
 132 138
 134 136
 134 138
 134 136
 133 136
 99 138
 134 144
 136 136
 136 138
 134 136
 136 99
 140 142
 99 138
 139 143
 130 138
 99 136
 140 140
 134 136
 132 138
 100 138
 144 138
 136 136
 99 138
 142 140
 138 138
 134 140
 134 134
 134 138
 133 138
 100 138
 140 138
 132 136
 99 149
 140 138
 136 101
 141 139
 99 138
 134 138
 134 139
 132 136
 134 134
 134 99
 140 143
 99 136
 134 136
 134 136
 134 136
 132 134
 134 135
 134 136
 102 136
 134 141
 132 136
 96 136
 140 144
 134 134
 132 139
 99 100
 140 144
 134 136
 100 136
 140 142
 132 138
 98 136
 138 142
 132 138
 132 138
 136 138
 132 135
 134 136
 99 138
 140 144
 134 138
 101 134
 140 145
 132 136
 134 136
 97 138
 138 142
 136 136
 100 136
 140 146
 136 137
 138 136
 98 138
 142 144
 134 135
 102 134
 142 144
 134 136
 101 99
 140 107
 134 144
 100 136
 140 144
 132 139
 134 136
 100 138
 142 144
 132 138
 100 134
 140 140
 132 136
 134 136
 100 137
 140 144
 132 133
 101 136
 139 143
 132 136
 134 136
 100 139
 140 142
 132 138
 97 137
 140 146
 134 136
 100 136
 106 142
 134 106
 138 144
 100 134
 138 142
 132 136
 134 136
 99 138
 142 143
 132 136
 98 136
 140 142
 134 138
 136 138
 134 138
 133 139
 132 140
 99 101
 140 106
 134 142
 101 136
 141 143
 132 136
 101 136
 138 144
 132 138
 132 140
 100 136
 139 138
 132 137
 98 136
 132 142
 134 136
 132 138
 99 136
 142 136
 140 140
 153 136
 134 138
 134 97
 142 144
 99 138
 143 143
 134 138
 137 136
 136 138
 132 102
 142 144
 97 134
 132 146
 97 136
 138 144
 98 136
 140 144
 134 138
 101 99
 141 106
 140 142
 101 136
 140 144
 136 136
 135 136
 134 138
 134 136
 132 136
 99 100
 140 107
 142 144
 97 136
 141 143
 134 136
 100 136
 140 144
 132 138
 136 138
 100 138
 139 144
 134 138
 100 98
 142 107
 140 142
 101 138
 140 144
 134 138
 134 136
 136 136
 136 138
 136 136
 102 138
 142 143
 133 136
 134 138
 134 138
 132 98
 141 142
 97 136
 140 144
 99 136
 140 144
 134 134
 134 136
 137 134
 100 138
 140 144
 134 136
 98 136
 140 144
 132 136
 132 136
 98 99
 140 144
 134 136
 101 136
 135 141
 134 134
 97 136
 140 144
 132 136
 133 138
 136 138
 134 136
 134 136
 99 100
 142 108
 142 142
 97 136
 140 140
 134 138
 101 136
 138 142
 136 136
 132 138
 100 136
 142 136
 132 136
 99 136
 142 142
 132 136
 100 136
 105 136
 143 136
 132 136
 101 100
 140 105
 134 146
 99 136
 136 144
 132 138
 134 136
 99 138
 140 144
 132 136
 99 136
 140 140
 136 138
 136 138
 102 138
 142 136
 132 138
 99 136
 142 144
 132 138
 134 137
 134 136
 134 100
 142 136
 99 136
 139 143
 134 138
 101 138
 140 144
 134 136
 132 136
 100 136
 140 138
 132 139
 98 136
 142 146
 136 136
 134 138
 102 136
 140 144
 132 138
 101 99
 140 107
 132 145
 102 138
 142 142
 133 136
 101 136
 140 134
 134 136
 134 136
 132 139
 132 136
 134 138
 100 138
 140 136
 133 136
 99 136
 140 136
 134 136
 134 136
 100 102
 140 106
 134 142
 102 138
 132 144
 134 136
 132 139
 132 136
 132 137
 134 136
 97 100
 140 106
 134 142
 100 136
 136 142
 132 138
 101 136
 132 144
 132 138
 132 138
 100 101
 134 107
 134 144
 101 138
 140 142
 134 136
 99 100
 139 105
 139 145
 99 136
 134 136
 132 137
 132 136
 132 136
 99 136
 142 146
 99 136
 143 143
 134 138
 136 136
 134 136
 136 102
 141 145
 100 138
 142 144
 134 139
 101 138
 144 144
 134 137
 132 137
 99 138
 141 145
 134 138
 98 148
 142 143
 134 100
 140 134
 100 136
 134 142
 132 138
 100 138
 143 141
 134 138
 134 138
 98 101
 140 104
 140 147
 100 136
 134 143
 134 138
 134 98
 134 144
 132 136
 147 136
 134 136
 136 136
 134 138
 98 136
 142 142
 134 138
 102 136
 142 143
 134 138
 134 137
 98 138
 142 136
 132 139
 99 136
 140 136
 136 140
 136 136
 99 136
 140 136
 134 136
 135 100
 140 142
 132 137
 132 134
 134 136
 132 136
 134 136
 101 134
 142 138
 132 140
 101 138
 140 136
 132 138
 134 138
 100 99
 140 100
 134 136
 99 136
 142 136
 134 142
 100 138
 142 136
 134 138
 136 136
 100 136
 138 134
 132 138
 98 97
 140 101
 140 134
 101 138
 141 139
 132 138
 134 139
 98 138
 140 138
 134 136
 99 136
 140 136
 134 138
 135 134
 98 136
 140 136
 133 136
 98 136
 136 138
 134 138
 98 138
 136 136
 97 136
 134 136
 100 100
 136 101
 138 134
 100 137
 145 136
 134 137
 100 98
 142 99
 143 138
 99 138
 140 140
 102 136
 140 144
 97 136
 134 142
 132 136
 102 136
 140 136
 134 136
 132 136
 134 138
 132 136
 132 136
 100 99
 140 106
 142 144
 101 136
 139 143
 134 136
 100 136
 136 146
 134 138
 134 136
 98 138
 133 143
 134 138
 101 140
 136 146
 134 136
 134 136
 100 138
 135 141
 132 136
 99 98
 140 105
 140 143
 100 138
 140 142
 134 137
 136 136
 102 138
 136 144
 132 136
 98 136
 140 144
 134 138
 134 138
 132 139
 134 136
 134 136
 100 136
 132 144
 134 136
 134 136
 132 136
 134 136
 134 137
 98 136
 134 144
 136 136
 101 136
 134 144
 134 134
 134 138
 132 136
 132 99
 143 142
 99 136
 142 142
 134 136
 134 136
 132 138
 136 138
 134 138
 101 100
 140 106
 133 143
 98 136
 142 143
 132 138
 101 136
 142 142
 132 136
 132 136
 100 137
 139 143
 134 136
 101 102
 140 105
 134 146
 102 136
 142 144
 132 136
 134 138
 134 136
 132 136
 134 136
 98 138
 140 144
 136 138
 99 102
 140 108
 134 142
 99 136
 140 146
 136 136
 134 138
 101 138
 140 142
 136 136
 100 136
 142 145
 136 138
 134 134
 134 138
 132 134
 136 136
 100 100
 140 106
 134 144
 98 138
 134 144
 136 138
 100 136
 134 144
 133 137
 136 139
 134 136
 136 99
 142 142
 97 136
 140 144
 134 136
 100 136
 142 145
 134 135
 132 138
 99 98
 142 143
 134 138
 99 136
 140 142
 134 136
 99 136
 141 145
 136 136
 134 136
 134 135
 132 138
 136 138
 100 102
 140 107
 134 142
 100 136
 142 142
 134 136
 134 136
 136 136
 134 136
 134 135
 98 137
 142 142
 134 138
 134 136
 134 138
 136 136
 132 136
 100 102
 140 103
 132 144
 102 137
 138 142
 136 138
 98 136
 140 138
 137 136
 132 138
 101 138
 140 143
 134 136
 99 138
 140 144
 134 133
 134 136
 134 136
 134 135
 134 136
 97 136
 140 144
 136 138
 134 136
 134 138
 134 136
 132 137
 99 138
 142 144
 134 136
 99 136
 142 144
 134 136
 132 138
 132 139
 136 102
 142 136
 100 136
 142 136
 134 136
 132 138
 136 136
 134 140
 134 136
 97 138
 142 144
 134 139
 100 136
 142 142
 132 98
 142 142
 100 136
 140 144
 133 134
 99 136
 140 136
 134 138
 134 138
 98 101
 137 147
 134 136
 99 138
 140 140
 134 136
 100 101
 140 106
 141 143
 98 136
 142 142
 132 138
 134 136
 132 138
 134 137
 134 136
 99 136
 140 136
 136 138
 134 136
 134 136
 134 136
 132 136
 136 99
 142 108
 140 144
 132 136
 136 136
 136 136
 132 136
 100 135
 132 145
 134 134
 134 136
 100 137
 132 144
 134 137
 97 138
 134 142
 134 138
 132 137
 100 138
 134 144
 134 136
 98 138
 132 142
 132 136
 132 136
 100 136
 132 142
 137 137
 102 100
 134 109
 134 144
 138 135
 132 138
 132 136
 132 138
 99 140
 132 144
 132 136
 100 136
 142 146
 134 140
 134 136
 134 137
 134 136
 134 136
 100 136
 141 138
 134 138
 134 133
 134 138
 134 136
 134 138
 102 136
 140 138
 136 139
 97 138
 140 144
 134 136
 134 138
 134 136
 134 100
 139 137
 100 138
 141 136
 136 136
 134 138
 134 134
 134 101
 138 142
 99 136
 142 142
 132 138
 136 138
 99 136
 142 136
 134 134
 101 136
 140 136
 134 138
 132 139
 134 136
 134 136
 134 136
 101 136
 142 136
 132 138
 100 99
 140 97
 133 138
 98 138
 144 144
 99 136
 106 137
 140 144
 134 136
 134 136
 100 136
 140 136
 132 138
 99 99
 142 99
 136 138
 98 136
 142 138
 99 136
 142 138
 99 136
 141 135
 132 136
 99 136
 140 142
 133 134
 132 138
 100 136
 140 136
 132 138
 100 99
 142 106
 134 144
 99 138
 142 143
 134 142
 100 136
 140 146
 132 138
 133 134
 100 136
 141 145
 132 140
 134 136
 136 138
 134 99
 144 138
 102 134
 140 138
 99 136
 133 143
 134 136
 136 136
 135 139
 102 136
 140 142
 135 138
 134 136
 99 136
 140 138
 134 136
 100 136
 138 134
 132 138
 132 138
 100 99
 142 136
 132 137
 98 137
 142 138
 134 138
 100 100
 138 107
 134 142
 101 134
 134 142
 132 136
 134 136
 100 136
 134 142
 136 138
 100 134
 140 144
 134 136
 132 136
 136 138
 134 99
 141 145
 102 136
 134 143
 132 136
 99 136
 132 142
 132 98
 134 144
 102 138
 134 144
 134 138
 100 136
 134 144
 136 136
 134 136
 99 138
 132 143
 134 136
 98 138
 132 142
 134 138
 100 138
 132 142
 134 136
 132 136
 99 136
 132 142
 134 138
 99 97
 134 107
 134 141
 99 136
 134 143
 134 134
 136 136
 100 136
 142 142
 136 138
 132 137
 102 138
 134 136
 134 136
 100 138
 142 145
 136 138
 136 136
 100 138
 140 145
 134 136
 100 138
 141 143
 134 136
 132 136
 98 135
 138 147
 137 134
 97 136
 139 142
 132 136
 132 138
 100 138
 142 146
 99 138
 108 144
 142 144
 134 136
 134 136
 97 136
 138 134
 134 136
 100 136
 138 136
 136 138
 136 136
 99 136
 138 142
 136 136
 100 99
 140 99
 140 136
 102 136
 140 136
 134 138
 132 138
 98 138
 142 138
 132 136
 99 138
 142 138
 134 134
 134 136
 99 134
 138 138
 132 136
 98 138
 140 136
 136 136
 134 138
 100 136
 142 146
 136 136
 99 138
 140 136
 132 136
 132 138
 100 138
 141 137
 134 136
 100 136
 140 134
 136 137
 134 136
 134 136
 134 101
 140 136
 100 137
 140 134
 132 137
 132 138
 100 136
 142 136
 134 137
 99 136
 143 136
 136 140
 133 138
 134 136
 135 138
 134 136
 100 99
 140 100
 142 136
 99 136
 140 142
 134 138
 100 136
 139 137
 134 136
 134 136
 98 138
 142 136
 134 138
 100 98
 140 100
 140 138
 99 136
 140 136
 134 136
 101 153
 135 139
 134 102
 140 136
 100 137
 142 134
 136 136
 125 136
 132 136
 132 139
 132 138
 98 101
 142 99
 140 138
 100 138
 140 138
 132 137
 99 138
 140 138
 134 136
 132 140
 134 134
 134 138
 136 136
 101 138
 140 138
 134 136
 100 99
 140 99
 140 142
 100 136
 136 144
 132 138
 134 138
 134 138
 132 136
 134 139
 100 138
 136 144
 134 138
 98 136
 132 143
 134 136
 134 135
 99 138
 141 144
 132 136
 99 99
 140 105
 139 142
 99 136
 138 145
 134 136
 100 138
 142 142
 136 138
 132 135
 100 134
 142 142
 134 136
 99 134
 142 143
 134 136
 136 138
 98 136
 140 144
 134 136
 98 134
 140 142
 134 138
 134 138
 100 140
 142 136
 131 136
 101 136
 142 146
 132 138
 136 134
 134 140
 132 97
 140 140
 101 136
 130 145
 134 138
 101 136
 134 142
 134 136
 137 138
 100 102
 136 107
 134 144
 98 137
 140 142
 134 136
 132 136
 134 136
 132 138
 136 136
 99 100
 140 106
 144 144
 98 136
 142 138
 132 134
 100 136
 142 143
 136 138
 134 136
 100 136
 140 144
 136 136
 132 136
 134 136
 134 99
 142 140
 99 136
 142 143
 134 135
 99 140
 140 136
 132 138
 134 136
 97 136
 142 138
 132 136
 100 100
 140 107
 139 143
 99 136
 142 142
 134 139
 100 139
 140 136
 130 136
 132 138
 100 136
 140 138
 132 138
 98 101
 142 100
 134 136
 101 135
 139 143
 134 136
 134 136
 132 136
 133 136
 132 136
 99 138
 140 143
 133 137
 134 138
 134 136
 134 140
 134 138
 100 136
 141 143
 133 136
 132 136
 97 136
 140 144
 134 144
 100 136
 140 144
 134 138
 132 136
 135 136
 132 99
 142 142
 98 139
 141 143
 132 136
 134 138
 132 136
 136 138
 100 136
 106 142
 142 144
 134 138
 134 136
 132 137
 136 137
 132 138
 98 139
 138 142
 134 136
 134 134
 135 139
 132 136
 132 138
 102 100
 140 106
 140 142
 99 136
 140 142
 132 136
 132 136
 100 138
 140 144
 134 136
 132 134
 132 138
 134 136
 133 139
 100 101
 140 142
 132 138
 100 136
 142 144
 132 136
 99 138
 140 144
 132 138
 136 137
 134 136
 134 135
 134 136
 99 100
 140 105
 140 144
 101 136
 138 144
 134 136
 132 136
 134 136
 134 136
 136 136
 99 100
 140 107
 134 144
 97 138
 142 142
 134 136
 135 139
 134 134
 134 98
 140 142
 98 136
 140 146
 136 138
 132 140
 99 136
 138 142
 132 138
 98 136
 140 142
 100 136
 142 142
 134 136
 134 136
 136 136
 97 136
 142 142
 134 138
 102 99
 138 105
 134 146
 98 137
 142 146
 100 136
 138 140
 99 137
 139 141
 132 140
 99 134
 142 146
 136 138
 136 138
 134 138
 134 138
 133 137
 100 101
 142 102
 140 136
 100 138
 142 140
 134 136
 98 136
 143 135
 132 136
 132 136
 100 99
 142 100
 140 138
 101 136
 138 138
 134 136
 132 138
 136 138
 134 138
 136 136
 99 100
 140 108
 132 142
 99 134
 132 146
 134 137
 100 136
 132 145
 132 136
 132 135
 98 136
 132 146
 136 138
 136 140
 134 136
 134 99
 136 144
 97 136
 132 140
 134 138
 98 137
 134 144
 135 98
 136 144
 99 138
 135 143
 134 136
 100 137
 142 142
 132 138
 134 136
 101 138
 142 134
 132 138
 100 101
 140 108
 135 143
 98 136
 132 144
 135 136
 102 132
 140 142
 134 140
 136 136
 134 99
 140 99
 140 142
 98 136
 140 142
 134 136
 134 136
 134 136
 136 99
 142 145
 100 134
 138 146
 132 138
 134 136
 135 134
 132 138
 132 137
 101 138
 142 142
 134 136
 99 102
 140 107
 134 141
 99 136
 140 146
 134 136
 132 136
 100 136
 140 136
 134 136
 134 136
 134 138
 134 140
 135 136
 99 98
 142 107
 134 144
 102 138
 140 142
 134 136
 99 136
 140 136
 134 136
 134 136
 102 134
 142 138
 133 138
 101 100
 142 107
 134 144
 100 138
 142 144
 132 138
 136 136
 100 138
 142 138
 133 138
 100 136
 138 136
 134 138
 134 138
 98 136
 140 144
 134 136
 136 97
 140 138